index,mean_x,mean_y,mean_z,std_x,std_y,std_z,label,file_id
0,-0.4909920524,0.1526189083,0.7899312399999997,0.0073808325763112,0.0127348202361502,0.0142631818999092,1,4804
1,-0.4940435610000001,0.15111530982,0.7910379031999998,0.0272617435403476,0.0220608102725536,0.015573255767246,1,4804
2,-0.4832958645,0.1552137821,0.7961916555999998,0.0143930936829828,0.0110210158780064,0.0097318601566323,1,4804
3,-0.4814404744000002,0.1637126136999999,0.7924530799999998,0.0192658044363005,0.0245019177525366,0.013648476326608,1,4804
4,-0.4832540670999999,0.1659153391,0.7927930180000001,0.0158140067235501,0.0114718956817185,0.0089039133696152,1,4804
5,-0.4708920066,0.17100728672,0.7974083910000003,0.0227513994660175,0.0299838718292035,0.0191974460126238,1,4804
6,-0.4838797323999999,0.17255252944,0.7914889800000003,0.0144408366062544,0.0290855802496113,0.0091288660197455,1,4804
7,-0.4826032040000001,0.1656393604999999,0.7913398109999996,0.0079934277485326,0.0067632356847846,0.0063576218488606,1,4804
8,-0.4907174173000002,0.1643307080999999,0.7899606959999997,0.0125581428131652,0.0117240655527781,0.0088341324062808,1,4804
9,-0.4839143351000002,0.1661849958999999,0.7912068879999998,0.0076932110959111,0.0052228853202254,0.0050875575358974,1,4804
10,-0.4883539865,0.1663813615999999,0.7893852720000001,0.0073875351857606,0.0059671694866456,0.0037077587189017,1,4804
11,-0.4855805039999999,0.1645172723,0.7910216580000001,0.0125196400066345,0.0139694731825955,0.0076873380552696,1,4804
12,-0.4831066549,0.1680713292,0.7924236240000002,0.0134853545892907,0.0097284445062072,0.0092938428463336,1,4804
13,-0.4836879093000001,0.1727450263,0.7910089809999998,0.0178650597351213,0.015594264397532,0.0125739115878364,1,4804
14,-0.4755782818,0.1717343992999999,0.7970202490000002,0.0131639383827718,0.0143112517933503,0.0081313566118943,1,4804
15,-0.4755304859999999,0.1696165712,0.796473748,0.0070460883669159,0.0091930782186723,0.0084251308273927,1,4804
16,-0.4674904563999999,0.16189036042,0.8019258380000003,0.0125321781782922,0.0177099535537288,0.0087602985770201,1,4804
17,-0.4797051049,0.1748703938,0.7927351720000001,0.0148033308779963,0.0104180187495422,0.007369911159396,1,4804
18,-0.488208972,0.1700801437,0.7897754660000001,0.0080745363666551,0.0109584715174308,0.007374898130414,1,4804
19,-0.4857351176,0.15184628542,0.7922678489000003,0.0271313937849775,0.0236850576286339,0.0137156511777248,1,4804
20,-0.4804673897000001,0.1591199488,0.7942239069999999,0.0069516998400232,0.0081916857718849,0.0078748470951358,1,4804
21,-0.4871612636000001,0.1629399885999999,0.7915184359999998,0.0083740228546832,0.0071776032511861,0.0054323859601193,1,4804
22,-0.4931434704,0.1637581246,0.7883237770000002,0.0043895969728385,0.0076151176333482,0.004154302715996,1,4804
23,-0.4926928244000001,0.1768792081,0.7880619520000001,0.0034712507421774,0.0114239848150059,0.0044170662031404,1,4804
24,-0.4784681779999999,0.1791970708,0.7900870125999998,0.0160373030966694,0.0214047410347306,0.0192885177537578,1,4804
25,-0.4696214730000001,0.1724323028999999,0.8012611411999998,0.0137860835449751,0.0121230114194881,0.0093639761971926,1,4804
26,-0.4825323931999999,0.1762192765,0.7917528560000002,0.0098844086292369,0.0092114434576149,0.0065498563701165,1,4804
27,-0.4844981955999999,0.1824420794999999,0.7894639180000002,0.0117155577941396,0.0099914054484437,0.0059636353565535,1,4804
28,-0.4821789628,0.1886230478,0.7885292740000002,0.0081326453965958,0.0088112879665615,0.0027071540432459,1,4804
29,-0.4783135671999999,0.180433265,0.7922678500000001,0.0109484345969509,0.0092714521885522,0.0077887,1,4804
30,-0.4677996906,0.1832147004000001,0.7969410700000001,0.0119926107595245,0.0139115122303335,0.0092290028291963,1,4804
31,-0.4720665292,0.1917772244999999,0.793703826,0.0073678574608331,0.0063293058037135,0.0072879642763572,1,4804
32,-0.4739133179000001,0.1950342877,0.7923668440000001,0.0063370765497505,0.0015448625120472,0.0054429349467738,1,4804
33,-0.4755304879999999,0.191868056,0.7913332060000002,0.0050497374142688,0.0062121065749071,0.0061418143469736,1,4804
34,-0.4758397199999999,0.1924861527,0.790087014,0.0046618478053235,0.0061024261645186,0.0048985632562166,1,4804
35,-0.4792412672,0.1972764015,0.7883735000000002,0.0050497243503235,0.0055454107231946,2.2316322462394835e-16,1,4804
36,-0.4750666343999999,0.1934132972000001,0.7910216580000001,0.0103952006511832,0.0077651314497676,0.0062838403823574,1,4804
37,-0.4814058800999998,0.1906318618,0.7893081439999999,0.0176658526318275,0.0100839145406723,0.0072829277718347,1,4804
38,-0.4756802947000001,0.1856919872000001,0.7924621879999998,0.0152169477116081,0.0105338918666695,0.0087691830317251,1,4804
39,-0.4557742574000001,0.1821009964,0.8044476779999996,0.009552665535047,0.0084265130552156,0.0056252327401562,1,4804
40,-0.4632966283999999,0.1818435806,0.7998992580000001,0.0135659833932089,0.021337045669834,0.0091353956238069,1,4804
41,-0.41754955904,0.6458600978,0.5012821311999999,0.2263077706962954,0.2096917003768102,0.2890300327444395,1,4804
42,-0.2193321401999999,0.8163002753,0.4643637172,0.0247360823494408,0.0147815116671808,0.0200493004114664,1,4804
43,-0.088217973675,0.7036521477999998,0.5216885148000001,0.2804954294204893,0.1465069600988658,0.2208563182642695,1,4804
44,-0.4677996876999999,0.13654838811,0.8308997825,0.0564910511435706,0.1050466101323309,0.0392868648037061,1,4804
45,-0.4529565776999999,0.0954449514,0.8181263257000001,0.0103497965783337,0.0088726669943794,0.0158263669816261,1,4804
46,-0.4548119636999999,0.11058832356,0.8154781740000001,0.0091722315865486,0.0077402419016674,0.0087504958337668,1,4804
47,-0.4613860272000001,0.1216354826799999,0.8098449579999997,0.0040950675611072,0.0067491930073777,0.007429590590297,1,4804
48,-0.4675754645999999,0.1449637408,0.8032638860000002,0.0157714616664282,0.0205745865685381,0.0111281000384368,1,4804
49,-0.4829268359000002,0.1747415920800001,0.7906010229999998,0.0101773946625019,0.01564709048077,0.0060706905040307,1,4804
50,-0.4916463202000002,0.1817907239,0.7890164109999996,0.0039651965578406,0.0053893116501036,0.0021925586569624,1,4804
51,-0.4916105152000001,0.1824420798,0.7882177260000002,0.0042157477798447,0.006092537576968,0.0027071540432459,1,4804
52,-0.4922863850000001,0.1862498775,0.7889986469999997,0.0026411262352634,0.0077016549092764,0.0027782959109822,1,4804
53,-0.4895525071999999,0.1858906078999999,0.787824496,0.0091222118787617,0.0103325220841441,0.0112658627323712,1,4804
54,-0.4841889648,0.1858416120000001,0.7885292740000002,0.0126853822095685,0.0093427165603568,0.0081335252067608,1,4804
55,-0.4816911128000001,0.191892554,0.7887220939999996,0.007319364913939,0.0062184538581492,0.0027236416701611,1,4804
56,-0.4812858670000001,0.1844188597999999,0.7905837919999996,0.0086854363553731,0.0092388769272452,0.005722431513774,1,4804
57,-0.4954747063,0.1906330869,0.7833983730000001,0.0118459947063691,0.0100844532352782,0.0093678412922259,1,4804
58,-0.4993412951999998,0.1923316286,0.7785597379999998,0.0076696289697007,0.0058336774575671,0.0075587244117966,1,4804
59,-0.4875196951000001,0.2010572498,0.7845806469999999,0.0174895532991277,0.0289527465026054,0.014470558058874,1,4804
60,-0.4923091867,0.2002883032,0.785544214,0.0026595263989396,0.0073646456544308,0.0066097829942223,1,4804
61,-0.4951450704000001,0.1979165467,0.7829391739999998,0.005957843410867,0.0071896607699928,0.0074119060965015,1,4804
62,-0.4950466590000002,0.198171511,0.7831066399999997,0.0159042451900573,0.010759680728219,0.0085750764774396,1,4804
63,-0.4823311785999999,0.1957336094,0.788081234,0.0075712404609869,0.0074098047818048,0.0038260792769332,1,4804
64,-0.4851166542,0.2068569002,0.7858811160000002,0.0211359604914986,0.0183566166346786,0.007896523426905,1,4804
65,-0.4902189740000001,0.194031393,0.7855695680000002,0.0090756281407844,0.0100215324757751,0.0077902733158427,1,4804
66,-0.4928474400000001,0.2011395039,0.7826098619999999,5.579080615598709e-17,0.0079189083127307,0.0075587244117966,1,4804
67,-0.4928090335999999,0.2073596644,0.780114442,8.844344592057937e-05,0.0062078333729721,0.0078132726382633,1,4804
68,-0.4922981755999999,0.2057111587,0.784693836,0.0109836688324641,0.0202346927600999,0.0116149297459927,1,4804
69,-0.4957755349,0.1951228623000001,0.781285024,0.0068524531032792,0.0071365779166217,0.0096002461932564,1,4804
70,-0.5004236044,0.1949585384000001,0.7782481899999999,0.0077681721407757,0.0087852425264648,0.0074673769547102,1,4804
71,-0.4962489832,0.1972764013,0.77980593,0.0064371607501411,0.0063560319230265,0.0077886999999999,1,4804
72,-0.4956305235999999,0.1999033112,0.7791828340000001,0.0134360246235337,0.0127839632926121,0.0125432784257345,1,4804
73,-0.4974859088,0.18877757184,0.7832329579999996,0.0083682552945337,0.0120296928312002,0.0083005677268799,1,4804
74,-0.4977951416,0.1818239825399999,0.7818309920000002,0.0107391055030657,0.0236932013647502,0.01255987717454,1,4804
75,-0.4834158864,0.1688439501,0.7930467200000002,0.0095526609867283,0.0106910971155399,0.0078279380317094,1,4804
76,-0.4746027831999999,0.1940313943,0.7903985615999997,0.0144742463846536,0.0238398438935397,0.0139425210626299,1,4804
77,-0.4834158837,0.1977399721999999,0.7880619520000002,0.0174284670490345,0.0157431226199388,0.0110659470934231,1,4804
78,-0.4834158832,0.166526087,0.7936698143999998,0.0111830189371393,0.0151720454352847,0.014386374002239,1,4804
79,-0.4663769397999999,0.1642400716,0.8018649560000002,0.0088874110523405,0.0060189407150738,0.0103439742135686,1,4804
80,-0.4616842618,0.1629079631,0.805567552,0.0053830294667686,0.0044444761126529,0.0038220864376231,1,4804
81,-0.4625689504,0.1603216528,0.8049824869999997,0.0070769131251698,0.0077231761942314,0.0062672285566221,1,4804
82,-0.4720953267999999,0.16934181774,0.7984572080999999,0.0185597791717661,0.0147479792207171,0.0143953847678594,1,4804
83,-0.4732112429999999,0.1589544004799999,0.7997449996000003,0.0129742978559089,0.0133695680466612,0.0154755725593834,1,4804
84,-0.4697712911,0.1639383694,0.8016112539999998,0.0077667535161797,0.0015502597121602,0.0058319913632735,1,4804
85,-0.4789666303000002,0.1521232984999999,0.7986840399999997,0.0090329646578538,0.0111082081039764,0.0076697815663258,1,4804
86,-0.4740189223000001,0.1561409275,0.8000860055999999,0.0132395928199981,0.0119249767876714,0.0122666549571973,1,4804
87,-0.4755196776999999,0.1824531013,0.7936008110000004,0.0160410147820859,0.0200837357564677,0.0127922969246284,1,4804
88,-0.4840343444,0.2016030764,0.786659986,0.0189371229882718,0.029405561891981,0.013808269681176,1,4804
89,-0.4930020572,0.1849144653,0.7846349240000002,0.0143258358513253,0.0209945976591167,0.0123512856734387,1,4804
90,-0.4841889655999999,0.1682258533999999,0.7910216580000002,0.0094061853780412,0.0095368987686502,0.0096648885208177,1,4804
91,-0.4761381464000001,0.1784354747,0.7920430709999998,0.00897804611505,0.0088607227361719,0.007277696771912,1,4804
92,-0.4755650851000002,0.17962861,0.7929204019999996,0.0048621449443864,8.368620923398064e-17,0.0065885015926199,1,4804
93,-0.4740189261000002,0.1787014642,0.7972820739999997,0.0063293592769329,0.0036882363144117,0.007826372287513,1,4804
94,-0.4754932814,0.1813983804,0.7987976810000003,0.0063365525795084,0.0112376982247501,0.0086028230430621,1,4804
95,-0.459238213,0.16102200758,0.8028559244999997,0.0269325688443139,0.0607601394493683,0.0221008260004192,1,4804
96,-0.4483526996,0.0675985651,0.8217385823000002,0.0196136215316895,0.0287519710238852,0.0214296710043432,1,4804
97,-0.4597942683000001,0.0808876462,0.8161307272000002,0.009233897899904,0.0097963857098535,0.0076953029426346,1,4804
98,-0.4604127299000001,0.0985034026999999,0.8153518551999999,0.0157087063613232,0.0164906247836228,0.0131089289656989,1,4804
99,-0.4747418057999999,0.1044232811,0.8050108770000003,0.0058430283553157,0.00728630114236,0.0061809535423997,1,4804
100,-0.4827170124000001,0.0919729665,0.8031948809999997,0.0108282766508092,0.0168530836758587,0.0076350736534281,1,4804
101,-0.4797397082000001,0.06682594424,0.8078747039999999,0.0141946067831452,0.0123267663196538,0.0110026327120508,1,4804
102,-0.4602581156000001,0.053227815605,0.8170653626000001,0.020906219633221,0.0196910050943512,0.0239058503379623,1,4804
103,-0.4557742584000001,0.07748811401,0.8176884591000002,0.014559912026485,0.016272725040299,0.016771513859239,1,4804
104,-0.4648965884000001,0.0665168956,0.8165980480000001,0.0076127584483984,0.009792691980428,0.0083945236451429,1,4804
105,-0.4828320196000002,0.0884593314,0.8047592255999999,0.0125321685176538,0.0143181969424666,0.0089922519040752,1,4804
106,-0.4816731077,0.0801899273099999,0.8050672050000003,0.0109832724409221,0.014303814295668,0.0101164162152451,1,4804
107,-0.4757857100000001,0.07324858783,0.8076559985999998,0.0064000555543407,0.007688289056638,0.0074475075995806,1,4804
108,-0.4751012304000001,0.05152804956,0.8120806011999998,0.0167394036792246,0.0193094356358179,0.0142494215363877,1,4804
109,-0.4539188709,0.0413294535999999,0.8192462002000002,0.0108765177985849,0.0059645115293531,0.0159167128588536,1,4804
110,-0.4585573403,0.0529187666299999,0.8206481724000002,0.0063293510897293,0.0065889328329315,0.0041391897007469,1,4804
111,-0.4714912624999999,0.0611601773099999,0.8118938513,0.018886356525172,0.0197903542809533,0.0154920297631778,1,4804
112,-0.4551211926999998,0.0538779428099999,0.8203071658000001,0.01789671774656,0.0060766807678049,0.0074673655972741,1,4804
113,-0.4774888773,0.07015565483,0.8098175458000003,0.0261599872343013,0.0176576721834501,0.0247823354487554,1,4804
114,-0.4703081403000002,0.0688347586,0.8127036996000002,0.0136136715523991,0.0126273577599369,0.0111805309949043,1,4804
115,-0.4724691575,0.0946439731999999,0.8088382722,0.0211618368033335,0.0166572361764265,0.0118111996625424,1,4804
116,-0.4598288739999999,0.1023344758,0.8169390534000001,0.0066946041460437,0.0060128410443248,0.0080730280632728,1,4804
117,-0.4518310583,0.06844731427,0.8209657779,0.0218027152439529,0.022083564507236,0.0160944584415677,1,4804
118,-0.4514104200999999,0.09529042594,0.8189051866000001,0.0220726169580569,0.034891293334793,0.0177015081512557,1,4804
119,-0.4626973619999999,0.12063239316,0.8087798940000002,0.0059680499123684,0.0081278334469359,0.0072407368956121,1,4804
120,-0.4549665784,0.10873403011,0.8161012647999999,0.0188245800142979,0.0178672319163301,0.0120417898393653,1,4804
121,-0.4170857143999998,0.0789108591,0.8343267951,0.0101899132489004,0.0091865158404008,0.0124017638032003,1,4804
122,-0.4136841692,0.07952895495,0.8377538128999998,0.0050497341482825,0.0077511408685625,0.0058808492273173,1,4804
123,-0.4286818976999998,0.083701107,0.8310555463999999,0.0108498454091179,0.0062121045648314,0.0098071073536975,1,4804
124,-0.4443806956,0.08887390485,0.8221318053000001,0.016245924507422,0.0186032287906014,0.0160939086861698,1,4804
125,-0.454739953,0.1052534717,0.8166797292000001,0.0151462312255151,0.013841354291783,0.0087382878914301,1,4804
126,-0.4492457940999999,0.09791733798,0.8193725158999999,0.0143064403358978,0.0107776047658667,0.012024471334879,1,4804
127,-0.4187864897,0.0850918245,0.8355729815999999,0.0063293510897293,0.0053325594792674,0.0056252204661626,1,4804
128,-0.4189411057999999,0.0861734937,0.8337036964999999,0.0094727058435575,0.0043484743152816,0.0096750116701225,1,4804
129,-0.4203924487000002,0.0896698006499999,0.8336864686000002,0.0075680101174226,0.0063724885145003,0.0054761323827445,1,4804
130,-0.4213657479999999,0.09734946457,0.8342547561000001,0.0147029882954462,0.0105078394369696,0.0116229297862536,1,4804
131,-0.4044072152999999,0.0911182704,0.8380653630999998,0.0137381623061314,0.006973076848637,0.0149667061806553,1,4804
132,-0.4124256359000001,0.09237651509,0.835279206,0.0186558645464961,0.0099501866952651,0.0170196102487414,1,4804
133,-0.4018133440000001,0.0940222031999999,0.8424564870000001,0.0066946131043272,0.007740244907117,0.0094182705780949,1,4804
134,-0.4208310865,0.1097836685599999,0.8309292356,0.0137899065489502,0.0167956780477442,0.0134776828435096,1,4804
135,-0.4322726506000001,0.1247725136999999,0.8246982852000001,0.0107873481081845,0.008032320893051,0.0085335123965997,1,4804
136,-0.4668203876999999,0.1420094081,0.8051443278000002,0.0225474451520329,0.0207151217623783,0.0177498312729785,1,4804
137,-0.4782691649000001,0.1429292050799999,0.7993228489999997,0.0057368410452248,0.0089307473164539,0.0076226114398365,1,4804
138,-0.4867166190999999,0.1371148556999999,0.7974393660000003,0.0084997761171367,0.0067164202794919,0.0078118139070014,1,4804
139,-0.5001143732,0.14056601784,0.7869715340000002,0.0083552559554259,0.0108667514906018,0.0080120771742731,1,4804
140,-0.4837645025,0.1684979655999999,0.79101255,0.0263909012353915,0.0273558990908974,0.0201626273094379,1,4804
141,-0.4783481655000001,0.1845733831999999,0.7940108199999998,0.0132322938398932,0.0105056264978694,0.0089936160832745,1,4804
142,-0.4830526498,0.1817245788,0.7892746670000003,0.0081132478800806,0.008220918713079,0.0061055999214672,1,4804
143,-0.4821369575000001,0.1787763702,0.7902686749999996,0.0075152265395952,0.0040293831911105,0.0052852434416257,1,4804
144,-0.4710812161000001,0.1528959208999999,0.8024226151999997,0.02049796075094,0.0308153505189027,0.0137771689622808,1,4804
145,-0.4648965898000001,0.1314170576999999,0.8075631572000002,0.0090609938479531,0.0085853051350574,0.0094078634632026,1,4804
146,-0.4734004553000001,0.1644852337999999,0.7985282643999996,0.0167905360765069,0.0350709033746395,0.0206627881265726,1,4804
147,-0.4632846247,0.1640855449,0.8037342440000004,0.0124521451018103,0.0105405363184784,0.0074809347096985,1,4804
148,-0.4400586521,0.1395504942999999,0.8200489084,0.0130375313116874,0.0131850391692236,0.010771071594489,1,4804
149,-0.4459184521,0.1381756991,0.8159683438,0.0144881507521871,0.0155148828818388,0.0114442635969005,1,4804
150,-0.4810810405000001,0.15248030618,0.796754852,0.0199271700261306,0.0301606784095385,0.0211350630737456,1,4804
151,-0.4653604366000001,0.1785469393,0.8007091011999996,0.010956158077819,0.0261033237770326,0.0114737360959764,1,4804
152,-0.4701535262,0.1732931138999999,0.7993071359999999,0.0117155652966995,0.0116414895512621,0.0100295408299936,1,4804
153,-0.4696214734999999,0.169341819,0.7990803060000004,0.0121260229709155,0.0101221826410978,0.0095997487578216,1,4804
154,-0.4683557437000001,0.1664352536999999,0.8010252039999998,0.0076474648350363,0.0067171203883232,0.0064434396273337,1,4804
155,-0.4623065231999999,0.1755717814,0.8025814260000003,0.0070902896968361,0.0067889628997416,0.0060889046375664,1,4804
156,-0.4596050463999999,0.1805877894,0.8033278040000001,0.0059680411719345,0.0039625011460408,0.0030679126265303,1,4804
157,-0.4558942724999999,0.178733499,0.8030162560000003,0.0087615545008936,0.00772621,0.0076120408587989,1,4804
158,-0.4523835114000002,0.1561299037999999,0.8091898972000001,0.027087068570273,0.0358505799223196,0.0166240572365448,1,4804
159,-0.453145791,0.1488782923,0.8111459553999998,0.0182970252578805,0.0274754052782656,0.0204127588418449,1,4804
160,-0.4709866126999999,0.1851302336,0.7964884756000002,0.0181093919868508,0.016207730685055,0.0158525877204616,1,4804
161,-0.4603421239,0.2042667323999999,0.7980091699999997,0.0083527487739582,0.0100706140371858,0.0078613650766764,1,4804
162,-0.4670612106000001,0.1958536505,0.7943223679999997,0.0073611892250982,0.0033847409078864,0.0073030928157964,1,4804
163,-0.4746373897000001,0.1953900781999999,0.7902722439999996,0.0058371393633583,0.0021742358941645,0.003718064560986,1,4804
164,-0.4758743169000001,0.1980169879,0.7910511139999997,0.0044471164963027,0.0060925336341955,0.0053756907538862,1,4804
165,-0.4770394415,0.1976234216,0.7892954670000001,0.0030829877949975,0.0058559653364602,0.0030887049751385,1,4804
166,-0.4747573999999999,0.1867687557,0.7933582676000001,0.0210850637657808,0.0172175937502871,0.0162519747264801,1,4804
167,-0.4770430405000001,0.1812401831,0.7914473799999997,0.0053688825334981,0.0061556948880165,0.0071244539824098,1,4804
168,-0.4829866393000002,0.1802467053,0.7907395659999996,0.018988062474656,0.0098025389281075,0.008312370886382,1,4804
169,-0.4673704424000001,0.1929176887999999,0.7966589779999996,0.0111017554688919,0.0120336998919056,0.01072284655245,1,4804
170,-0.4688109915000001,0.1937980957999999,0.7964169670000001,0.011719598550709,0.0093323988870189,0.0156764669846006,1,4804
171,-0.4794712873,0.1897855584,0.790567546,0.0073198563256517,0.0073588759275653,0.0047652792021696,1,4804
172,-0.4890802571000001,0.1968703979999999,0.7857111477999998,0.0257058344389288,0.0205257153284882,0.0214979297358542,1,4804
173,-0.4824005738999999,0.1964386744,0.789077293,0.0144253289909158,0.0107942635577243,0.0103206058981975,1,4804
174,-0.491765128,0.2045390375000001,0.782765636,0.0152658917763233,0.0183467593619068,0.0097821040760281,1,4804
175,-0.4923835932,0.2034573663999999,0.7826098619999996,0.0055834011790086,0.0121046420668032,0.0095629084737504,1,4804
176,-0.4919711369000001,0.2004722242,0.7828158923999997,0.0198277724674974,0.0177527920112808,0.0145725533985452,1,4804
177,-0.49156971,0.205044253,0.783560752,0.0097555466569754,0.0086185781636554,0.009005825679256,1,4804
178,-0.4835164953000002,0.2103115475999999,0.7878727009999997,0.0090715201465786,0.0056162814855647,0.0043784567565511,1,4804
179,-0.4780689384,0.2054035217,0.7889408010000003,0.0112908731397068,0.0095889863528612,0.0047688631068015,1,4804
180,-0.483415888,0.2054661788,0.7879061780000002,0.0078915342262078,0.0072444942325253,0.0026706923914243,1,4804
181,-0.4849620431999999,0.2067023734,0.7854137939999998,0.0108765092879189,0.0116466625653201,0.0061418143469735,1,4804
182,-0.4918727376999999,0.2045902959999999,0.7839180014,0.0169711223711825,0.0199868720086122,0.0143417556382313,1,4804
183,-0.4616832656999999,0.198137214,0.7981025440000002,0.0152272404023144,0.0098609880485651,0.0101209456875415,1,4804
184,-0.4608419804999999,0.18800495024,0.7995892264,0.0137688828612036,0.0141274208423317,0.0134822413737317,1,4804
185,-0.4679267009,0.1928233717,0.7980974569999998,0.0158371673737671,0.0203844656119006,0.0103823257260047,1,4804
186,-0.4840725416000001,0.2015673669,0.7851027786,0.0279120642581593,0.0409823772927868,0.0244362498526252,1,4804
187,-0.4773858744,0.2127288174999999,0.7877504040000002,0.0090609896423111,0.014297127406779,0.0049110564243156,1,4804
188,-0.4788324181000002,0.2418810325,0.7835658389999998,0.0086549428257762,0.0146445509694664,0.0090380327271117,1,4804
189,-0.4758743143000001,0.2151691698,0.7896491479999999,0.0116483848249453,0.0203084559460075,0.0112852697876791,1,4804
190,-0.4701535286000001,0.1910634007,0.7952570119999998,0.0077448382359158,0.0071574141256991,0.0075991500098217,1,4804
191,-0.4814404795000001,0.2082155800999999,0.7877798599999999,0.0145532760282033,0.0083271757324447,0.0075082943950021,1,4804
192,-0.4836062971,0.2236667742999999,0.7849662880999999,0.0191669828537937,0.024690081074878,0.020216578662468,1,4804
193,-0.4643981428999998,0.2459515185,0.7880619505000003,0.0182176681250338,0.0315612289858036,0.0259131888747684,1,4804
194,-0.4649193918000002,0.2556312329,0.7868178109999997,0.0084920521310905,0.006481191229302,0.0055254758818209,1,4804
195,-0.4709998157999999,0.2529528792999999,0.7831416350000001,0.0160168281767599,0.0236995300078122,0.0113856560623521,1,4804
196,-0.4598662791999999,0.2424464614,0.7895380103999998,0.018732884436569,0.0170702902019996,0.0169319358461628,1,4804
197,-0.4663121345999999,0.2500671372,0.7860292999999998,0.0178936272976235,0.0193039072220809,0.0106823583286187,1,4804
198,-0.4764581723999999,0.2626401282,0.7807405739999999,0.013335002599372,0.0140254771088742,0.0081335252067608,1,4804
199,-0.4943935963999999,0.2600132195,0.7662535919999998,0.0138117760291816,0.0216640269685228,0.014034512727189,1,4804
200,-0.5028624586999999,0.2631427208999999,0.7638825200000002,0.0085615601953683,0.0087744951246042,0.0102496952227267,1,4804
201,-0.4951520681000001,0.2677576246999999,0.7668341029999999,0.0056924279725807,0.0074104711958321,0.0081031095333448,1,4804
202,-0.4947842329999999,0.2692048736999999,0.766062823,0.0094859130616759,0.0095820728732739,0.0080916370505946,1,4804
203,-0.4829304317,0.2570993113,0.7731254119999997,0.0208085158838033,0.0236219798312722,0.022141555533286,1,4804
204,-0.4981389649,0.2283037269,0.7737602,0.0099197072756458,0.014630631717711,0.0112896127817931,1,4804
205,-0.5053689030999998,0.2467265887999999,0.7681421619999997,0.0060980704288218,0.0086104033616293,0.0071883792371385,1,4804
206,-0.4947638269000001,0.2636628201999999,0.768874878,0.0131411779484294,0.0103831719811675,0.0116619557956074,1,4804
207,-0.4852196671999999,0.2718097372999999,0.7708740529999997,0.0101592902344207,0.0040795541538164,0.0091166858968325,1,4804
208,-0.4765683855000002,0.2640761724,0.7782933589999997,0.0108485335456883,0.0099269577938655,0.0087397867143507,1,4804
209,-0.4696896794000001,0.2545728382,0.7818604479999998,0.0144934197784796,0.0157423592322065,0.0131881591092236,1,4804
210,-0.4760289172,0.2582814197,0.7787449676,0.0262501971598372,0.023149474594646,0.0213379873715069,1,4804
211,-0.4998003483000001,0.2451837974999999,0.7666037057999999,0.0185569763886094,0.0326107706069044,0.0240691439326046,1,4804
212,-0.4933746851000001,0.2563977299999999,0.7719710759999998,0.0172929591631682,0.0148067666355736,0.0104467319099809,1,4804
213,-0.46527303,0.2444601746,0.787551512,0.0115537565739655,0.0135605548946414,0.0093305277816583,1,4804
214,-0.5144936509999999,0.1710072831199999,0.7724845532000003,0.10703074140675,0.1300538088301048,0.07181182203846,1,4804
215,-0.4713378468,0.04833344628,0.8120399842,0.0201476605154063,0.0143152178355868,0.0141939411004923,1,4804
216,-0.4605673471000001,0.1100927174499999,0.8136383336,0.0334499495858942,0.0304725818427581,0.0304642464046583,1,4804
217,-0.4447559369999999,0.13871785264,0.8172398821000003,0.0204951711884688,0.0146417514010336,0.016530088299694,1,4804
218,-0.4667831833000001,0.14498334018,0.8051316559999997,0.0087376200412373,0.0085599942984242,0.0072511545307316,1,4804
219,-0.4624227336000001,0.1453242376,0.8067842879999999,0.0030451042656178,0.006433355464694,0.0050875575358974,1,4804
220,-0.4871612494000001,0.135898259365,0.785131702,0.0325602843243587,0.033094774177202,0.0206343021089747,1,4804
221,-0.3943917923999999,0.048128516275,0.8276579917,0.3538874675800743,0.164261396102769,0.2338383331280722,1,4804
222,0.0560039367899999,-0.04551314516,0.9312476537,0.2630855229409823,0.1138963678685697,0.0806511430319431,1,4804
223,0.038575351205,-0.025847968795,0.9244316264,0.0364103485424491,0.0205159234019382,0.0072339487488978,1,4804
224,0.0825654425999999,-0.0056789766949999,0.9236659728,0.0114874572609033,0.0115518935904929,0.0081389978594072,1,4804
225,-0.0734094619,0.062808315315,0.9074142374000002,0.3120244958235629,0.0910163685977705,0.0524497355178097,1,4804
226,-0.3025884330999999,0.0244471168,0.8572580558,0.0753885581336281,0.0477604951658796,0.064194636304777,1,4804
227,-0.3309503297,0.08943320497,0.8765014504000002,0.0355315002610576,0.0308248003869183,0.0412463626877145,1,4804
228,-0.3194031449,0.08985004895,0.8732997447000002,0.0178933481187976,0.0286106946155708,0.0192885096394467,1,4804
229,-0.3168838975,0.10225504344,0.8719550935000001,0.0078553490810832,0.0053692855475966,0.0075953923859522,1,4804
230,-0.3481964868000001,0.0789978338,0.8635179524000001,0.0227376757848332,0.0211991693087403,0.0090893839678038,1,4804
231,-0.3890414553999999,0.05702844798,0.8488188401000001,0.00833885438484,0.0088218105926839,0.0066199141011878,1,4804
232,-0.4109010823999999,0.0809196729,0.8388442300999998,0.0080745505249717,0.0087246364056368,0.0088894337377264,1,4804
233,-0.4172403324999999,0.09250898894,0.8344825659999998,0.0053357189910855,0.0078131332521856,0.0053870649115281,1,4804
234,-0.7045164385000001,0.0738115640749999,0.5413160313000001,0.254028227786738,0.0933036885703695,0.2808736253580825,1,4804
235,-0.9331931624000002,-0.000978148305,0.3159111516,0.0204366236212197,0.0302644995410927,0.0262024296032513,1,4804
236,-0.9116187513999998,0.027229776445,0.3597257598000001,0.0278130311254856,0.0387372807258468,0.025546761753967,1,4804
237,-0.8302536814000002,0.05353686361,0.4935228946,0.0219821787539455,0.0478029546588273,0.0296632190145983,1,4804
238,-0.7873052845999999,0.03634915583,0.5527489465,0.0316766689789326,0.0069093573715062,0.034489312201455,1,4804
239,-0.7371403434999999,0.03950719442,0.6140624644,0.0079236002977617,0.0048218921528507,0.0120651609769932,1,4804
240,-0.7181226074999998,0.0458426858,0.6341572873000001,0.0122860126921567,0.0099138571121344,0.0107331339889756,1,4804
241,-0.6920415683000002,0.0454869072,0.6605526245999997,0.0272791200631597,0.0090042644571994,0.0240441139928667,1,4804
242,-0.6311085195999999,0.03437586415,0.7130083695999997,0.0114981483307717,0.0079189140484609,0.0078279320819031,1,4804
243,-0.6444618818,0.03756330085,0.7018068217000001,0.0081350084403643,0.0061056070182916,0.0077597754159073,1,4804
244,-0.6442162723999999,0.029463119015,0.6995823293000001,0.0063293469961274,0.0073813725528329,0.0075083080376757,1,4804
245,-0.6318398317,0.0248347418999999,0.7113232373999996,0.0173739891247112,0.0059971839526758,0.0083013864492727,1,4804
246,-0.6128638704,0.0224775004699999,0.72328944,0.0244572458690344,0.0128169399357708,0.0119477871133401,1,4804
247,-0.6184300353000001,0.02881299235,0.7242240759999998,0.0159466918167865,0.0073239664002448,0.0067809855166572,1,4804
248,-0.6173477249000002,0.0232501207449999,0.7236009808,0.0068866280836801,0.0070419093132902,0.0064853721346887,1,4804
249,-0.5445789114999999,0.145885985985,0.7499506223,0.1343004642442156,0.0849697348038252,0.0951200353594294,1,4804
250,-0.4105918506,0.1642082217399999,0.8243572728,0.0479905536769634,0.0376905845824383,0.0368957319007174,1,4804
251,-0.4609905924,0.1937284697,0.7974565874999999,0.0295516058860972,0.0189824287855875,0.0284677801316573,1,4804
252,-0.4100079875,0.163094516685,0.8289041693,0.0494035429578454,0.0608760673351476,0.0252850701459257,1,4804
253,-0.3524371122999998,0.13193225986,0.8562893920000001,0.0248469670722184,0.032839934728324,0.0120355544124296,1,4804
254,-0.3713972508000001,0.1389446460799999,0.8483403762999999,0.0415501981416116,0.0327008597519368,0.0148519042623509,1,4804
255,-0.3749630103999999,0.1268819582,0.8491978881,0.0191525054049976,0.017724541735494,0.0119545257747965,1,4804
256,-0.3861625522999999,0.1218685881699999,0.8438289961,0.021810688244332,0.0217262831895766,0.0149051692429296,1,4804
257,-0.4092003073999998,0.1183145328,0.8337037003000001,0.0189167153133391,0.0260723539400473,0.0121461506863184,1,4804
258,-0.4566673534,0.1175419098,0.8128300105000003,0.0280761738581439,0.0268538916278567,0.0148944757610876,1,4804
259,-0.4815605004,0.1238774004599999,0.7999007760000002,0.0075666145319821,0.0085062748956944,0.0075473664423275,1,4804
260,-0.4841133565000002,0.1270450552399999,0.7989504189999996,0.0077155536402931,0.0076114950625533,0.0075027258446742,1,4804
261,-0.490303983,0.12441201812,0.7940732200000002,0.0057192371767091,0.0076865626782635,0.0074560620850934,1,4804
262,-0.4956041146000001,0.1314760343999999,0.7913895339999997,0.0063381508488583,0.0075836858834469,0.0061041913712144,1,4804
263,-0.4785051831000001,0.1269334052999999,0.79991095,0.009240120157161,0.0112180932600732,0.0072910487819176,1,4804
264,-0.4790866487999999,0.1331488512599999,0.8006796460000003,0.0092964449111382,0.0065889353060603,0.0067502066666666,1,4804
265,-0.4775978948000001,0.1337116477999999,0.8022394369999998,0.0030903730883397,0.0026393672383099,0.0057510577251942,1,4804
266,-0.4771112439000002,0.1352801645999999,0.8033572599999999,0.0026870265637644,0.0052228819402487,0.0046967628190256,1,4804
267,-0.4757689081999999,0.1346118427999999,0.8032735270000003,0.00463844371391,0.0044607363575127,0.0041559362512453,1,4804
268,-0.4681089207999999,0.1322217085399999,0.8050413164000001,0.0124315791724699,0.0115843732523324,0.0119754619879975,1,4804
269,-0.4708920055999999,0.12727693394,0.8042624480000002,0.010580547704298,0.0117825506156355,0.0098966933641053,1,4804
270,-0.4778497251999999,0.12681335988,0.8009911940000002,0.0051327310987927,0.008811286678384,0.008487448804943,1,4804
271,-0.4758397196,0.1113609441,0.8036393520000001,0.0051538653333347,0.0079477923966424,0.0044170662031404,1,4804
272,-0.4654934527,0.09528044492,0.811631046,0.0073962753838675,0.0090759686665376,0.0083968073005103,1,4804
273,-0.4498724608999998,0.08446864868,0.8205487232,0.0122077988581155,0.0089634709293445,0.0085041043989209,1,4804
274,-0.4538842694999999,0.0886458831,0.8164128196000001,0.0096994131415081,0.008585304596915,0.0066422245408463,1,4804
275,-0.4418242423999999,0.0789108585,0.8231110928,0.0077697397491588,0.0080682664458435,0.0065884846745165,1,4804
276,-0.4475820217999999,0.0927835594999999,0.8206288879999997,0.0092401272631453,0.0117870402069245,0.0068242260394709,1,4804
277,-0.4634440386999999,0.1019619174,0.8110170580000002,0.00601613108014,0.0072921716943408,0.0078461851465263,1,4804
278,-0.4624035329000001,0.1019225352,0.813948374,0.0048553489775486,0.0046762415259234,0.0077683480886991,1,4804
279,-0.4627007642999999,0.1023983574,0.8137332360000002,0.0061207766129972,0.0021995259407383,0.0075430283652317,1,4804
280,-0.4557396556999998,0.099153534,0.81719169,0.0079235980901854,0.0062121105950583,0.0055902659196521,1,4804
281,-0.4495550272999999,0.08910945766,0.8117395877000001,0.0279710459269038,0.0335522040600487,0.026614972902053,1,4804
282,-0.4211057225999999,-0.070823077675,0.8337037042,0.0815346995798732,0.084207842688834,0.0276621895831853,1,4804
283,-0.4973313036,-0.2051046027,0.7368123111,0.2573018639714091,0.1270238221320099,0.1509260689917722,1,4804
284,-0.8279872320000002,-0.0624101792399999,0.5188013898000001,0.0988808125001381,0.0843592432141407,0.0820616253502185,1,4804
285,-0.7716974713,-0.0311864923599999,0.5646760546999999,0.0659466314726512,0.0738721858716863,0.0547028560195784,1,4804
286,-0.4225762705000001,0.06878943568,0.8249646441999999,0.144536236279407,0.0381420598998764,0.0902393052813742,1,4804
287,-0.3715602647999999,0.07712639196,0.8535692044000001,0.0253190558525765,0.0196166322389867,0.0128407788005178,1,4804
288,-0.3836610988000001,0.0732216393999999,0.8471662186000002,0.0262421566412556,0.0259440159868539,0.0128749439961398,1,4804
289,-0.4066088389,0.09062021943,0.8376082271,0.0222218066226065,0.0214227293477223,0.0158819047786545,1,4804
290,-0.4105918473,0.07690204487,0.8366633987999998,0.0185017637601152,0.0159168169051132,0.0135583715580101,1,4804
291,-0.4080195840000001,0.072366766,0.8371424130000001,0.0089143994324537,0.0042888118495815,0.0061332616516128,1,4804
292,-0.4141024118,0.0738581101,0.8359393396999999,0.0054243466502251,0.0057136474678191,0.0051591018538294,1,4804
293,-0.3880179466,0.07736561985,0.8458540621999999,0.0300984724161928,0.0507007901481238,0.0190068930519296,1,4804
294,-0.3536176374000001,0.0870232871,0.8587675913000001,0.011390493405663,0.006031769487795,0.0156571917070438,1,4804
295,-0.3585937340999999,0.0982811459,0.8594658586999999,0.0073663073896863,0.0076315503273221,0.0078847255936663,1,4804
296,-0.3512193904999999,0.08401015956,0.8594063954000001,0.0372117541999885,0.0405800834744399,0.0256603386830247,1,4804
297,-0.3192139324,0.0642310624799999,0.8714009908999999,0.0583860322581651,0.0610803587897328,0.0354981034071284,1,4804
298,-0.3218424029,0.071802748145,0.8717125443,0.0238539727705782,0.0188236814921067,0.0102363469384219,1,4804
299,-0.3260170296999999,0.06979393303,0.8707779023,0.0195692483460682,0.0127120692522726,0.0099743943462185,1,4804
