index,mean_x,mean_y,mean_z,std_x,std_y,std_z,label,file_id
0,-0.496133035146,0.7550971169999999,0.17451556882,0.3468256295156467,0.3258750687404084,0.5246242592644847,1,5124
1,-0.5132735936,0.7475945701000001,0.3972301842,0.1427626824425441,0.1032595854515058,0.1679579618509975,1,5124
2,-0.1991844735,0.9550089345,0.304511403124,0.1708296534120927,0.1534043781653541,0.2256138550995889,1,5124
3,0.134207075052,0.9629804009999996,-0.14060192044,0.1698102473700337,0.1477821373177565,0.1386986225863578,1,5124
4,0.2949577008999999,0.9128070643000002,-0.3315678599000001,0.0607446513825876,0.0641920566194017,0.0348074015177333,1,5124
5,-0.4902650974,0.0128131264999999,-0.5177951914,0.4561591192227678,0.5674112998633886,0.1756735213134473,1,5124
6,-0.8441944268,-0.234927476,0.31335680901,0.1202429022074424,0.0449795331181763,0.3267629731606667,1,5124
7,-0.8412604545999999,-0.1397388102258,0.4553571215699999,0.1611860416478026,0.1544030097564805,0.3278338266090835,1,5124
8,-0.8579377561999999,-0.32183206066,0.1152829566659999,0.1932879565768453,0.1114347491770921,0.3364656885775624,1,5124
9,-0.7760954614999999,-0.4634427667,-0.4501910390999999,0.1948480508775363,0.0821756644907956,0.1186511124971666,1,5124
10,-0.7198867890000002,-0.506269845,-0.3669494770800001,0.1384913673984235,0.0797612094828383,0.3191414785096912,1,5124
11,-0.8404883634999999,-0.4002962674999999,0.2305891046679999,0.1229980965782486,0.1442974756214113,0.2101762539570746,1,5124
12,-0.9085873228,-0.1753759392057999,0.3567940554100001,0.1272557685629532,0.0670854356635222,0.1061380517689333,1,5124
13,-0.9278897523,0.0104685864568,0.30103642477,0.1203566196684122,0.1739131747864689,0.1677192938334477,1,5124
14,-0.424328001666,0.6108292398299999,0.6207345760999999,0.3338823085784005,0.3199428196439671,0.2024775916126499,1,5124
15,-0.5396793133900001,0.4732824104,0.6343185898,0.3267150020180919,0.3887976278459065,0.2752413806904766,1,5124
16,-0.9329855986,-0.2357089882386999,-0.0064992954999999,0.1629572298492728,0.1609561407719938,0.4081437100250925,1,5124
17,-0.9061166254000002,-0.2622805375329,-0.30945435451,0.214364821544519,0.123339572392219,0.2516002236845806,1,5124
18,-0.8449958746999999,-0.13961759205,-0.4908405206,0.0944330621679128,0.1124933176662626,0.1423772166058052,1,5124
19,-0.6303011571999999,0.33338942409,-0.6895031372000001,0.1659814838784798,0.1456798777038474,0.135192143483326,1,5124
20,-0.41367305987,0.23710824598,-0.8847214723000001,0.2897136626811705,0.2661072831357446,0.2458294949032212,1,5124
21,-0.8162445076,0.3471457123600001,0.280028591984,0.1457008074326348,0.1577177543659245,0.3375689197276594,1,5124
22,-0.8634968544000001,0.2020963302070999,0.38743706444,0.2376496837084938,0.1322677099224185,0.2257129732273287,1,5124
23,-0.8378632342,0.2553957223599999,0.20199950171,0.1999845559084913,0.1080403325365835,0.4449654842004158,1,5124
24,-0.74582924815,0.3454263718771001,0.4256618398,0.2905117200030097,0.1393261138312078,0.3898368406569013,1,5124
25,-0.0937160034019999,0.4001325047,0.8821478309999997,0.2501266892540723,0.1515431425916902,0.1281864485116285,1,5124
26,0.109191128586,0.6449033464000001,0.7804256926999998,0.3264571729819489,0.195618858876585,0.2317999058137735,1,5124
27,0.083403082294,0.5211111944,0.8497673291,0.3040354043232333,0.2222380744796017,0.1527696749918708,1,5124
28,-0.6754139984000002,0.3740298650999999,0.5294373774000001,0.3171148206799012,0.1414632496155579,0.2464005094543783,1,5124
29,-0.8449665210999997,0.1934996488525999,0.343525952486,0.2001143493457016,0.1992223306874736,0.2653014587203642,1,5124
30,-0.7586460611999999,-0.1975709967899999,0.5801404899000001,0.2708831589305915,0.1191483661483269,0.1935499920173254,1,5124
31,-0.9901207794,-0.1964768775828999,0.080217248674,0.1676993609295184,0.0705748024963755,0.1436375683626843,1,5124
32,-0.9637150533,-0.18600456004,0.163458812046,0.0498806687260018,0.0573367983537954,0.0647220627129861,1,5124
33,-0.9525968611,-0.16255907406,0.247964004,0.0467581988993303,0.036914299847546,0.057734159699232,1,5124
34,-0.6005205689,-0.2075744068999999,0.7027125091,0.298192706700927,0.0481269509845953,0.2519953619236985,1,5124
35,-0.2606434047,-0.16334058966,0.9549644460999996,0.0580247225553379,0.0597531268146958,0.0707103246814685,1,5124
36,-0.3962236653660001,-0.2397728740999999,0.8736183304,0.1603064825488727,0.0415845431486276,0.0779772814814781,1,5124
37,-0.4796101570999999,-0.1964768758999999,0.8240209054999997,0.0886398432880566,0.0429739893606185,0.0829484789045631,1,5124
38,-0.8563935554,-0.3049513090999999,0.27765928713,0.2482228397704569,0.1943799764794534,0.2123670301390182,1,5124
39,-0.9175436622999998,-0.29619833,0.3387873431000001,0.071001734346631,0.1162241431405311,0.0534443379194261,1,5124
40,-0.9249558089999996,-0.1836600132,0.3304158019000001,0.0095619620069963,0.0117807553097722,0.011926292361692,1,5124
41,-0.5858507337,0.3826265526183999,0.645217383496,0.9199656599064644,0.5698145874192819,0.9798967497486116,1,5124
42,-0.8279803899400001,-0.1142613807315999,-0.0464615589039999,0.2632826208240479,0.1878777844860723,0.5807754162364448,1,5124
43,-0.9837895853,-0.0642443480445,0.0029779240419999,0.2218431620548894,0.0964613318911357,0.2311889603991924,1,5124
44,-0.8926821253999999,-0.12223284209,0.3640599237,0.1883317921725637,0.054510909311312,0.1052376659154169,1,5124
45,-0.9729802242,-0.0598678574744999,0.028566413468,0.1694012408262656,0.0877381840945943,0.2282722669834333,1,5124
46,-0.8852700004,0.0612671314897,0.39486088592,0.2372652114534788,0.1629673604398891,0.3310038258431418,1,5124
47,-0.941324242,0.3185422127,-0.021188981112,0.0618815224778184,0.0362777338100271,0.1427509086090246,1,5124
48,-0.9175436607,0.3172917894999999,-0.2442195011039999,0.0678445017407645,0.0460302337274004,0.0862253164172124,1,5124
49,-0.7391892118000003,0.44295958301,0.0306198094499999,0.2023808707976172,0.2009539361927939,0.5358391219950631,1,5124
50,-0.1679917482819999,0.5933232901300001,0.070897986012,0.6555207597413714,0.4778158002611966,0.7059292258537411,1,5124
51,0.0949845412599999,0.4968841951171001,0.779477970136,0.1983159428640191,0.3384097089470075,0.2390229439050171,1,5124
52,0.02024553581,0.2807168398342,0.9356941072,0.1684424848301929,0.1423795002771754,0.2181054595331132,1,5124
53,-0.7132467561999999,0.7568164526,0.116704538224,0.2560131441367325,0.1989426983104694,0.1624317952438064,1,5124
54,-0.9254190431,0.1523919069212999,0.135343067082,0.1929508970877873,0.1857874262618754,0.2634540871247166,1,5124
55,-0.9268088163,-0.0603367662486999,0.34005096976,0.1249410937382472,0.0843813679502091,0.110004379895718,1,5124
56,-0.8926821273000001,-0.0659636859745,0.386647290596,0.2556180678307216,0.1316538680795722,0.198336105668242,1,5124
57,-0.8063616724,-0.0323584937045,0.5079556845459999,0.5122477275672812,0.2861696509805653,0.399887747519845,1,5124
58,-0.8706001571399998,-0.1316110376716,0.429610681034,0.2750403969363197,0.211685162138312,0.3965864386207609,1,5124
59,-0.9823998133,-0.0304828550016,0.027934597744,0.0773032451881705,0.1612904041760839,0.1198425273384802,1,5124
60,-0.9805467763,0.0336014652539,-0.14376099933,0.1299620183378494,0.1229733800363291,0.1277813129543014,1,5124
61,-0.9938268428,0.0110937996797,0.0614207672059999,0.1309431598521289,0.1415821670585645,0.1108897014918163,1,5124
62,-0.9303604727,-0.0573670070902999,0.27244682063,0.2405514714067209,0.1098484919078776,0.2552805944736991,1,5124
63,-0.9536777972,-0.0483014206874,0.20800173523,0.1016920522986197,0.1140936737838361,0.2314813482559026,1,5124
64,-0.954758733,0.1173799852242,-0.090846530172,0.1978032317342294,0.2061481768433264,0.345545238743655,1,5124
65,-0.9675755407,0.1700541691842,0.0352004653439999,0.0970850862106656,0.104288660641683,0.2507883857671859,1,5124
66,-0.8689015402,0.1647398622042,0.40370628406,0.1077113347433575,0.1279388222598125,0.2167321399739455,1,5124
67,-0.9723625504,0.1486406308113,-0.139180342562,0.1512736433227151,0.1611921449683701,0.2109546212455436,1,5124
68,-0.9820909706,0.1427011078683999,0.008348348212,0.107453968441118,0.1217483843926724,0.1514681142921028,1,5124
69,-0.5659306154999999,0.2070980359499999,0.7113999611000001,0.3079004242731623,0.1484838186394124,0.2808345954682181,1,5124
70,-0.539524895446,0.0184400525068,0.7549951627099999,0.3352908232768876,0.1551313627364081,0.2825062724837925,1,5124
71,-0.378156591846,-0.0479888144261,0.9270066639,0.2692238665925743,0.1332528766905562,0.1534911028945846,1,5124
72,-0.235781877586,0.0456368106197,0.8837273707999997,0.4241369716440566,0.2364106612173356,0.2617073379401536,1,5124
73,-0.3758403017359999,0.4648420436399999,0.7911665431999999,0.375591606301923,0.3348195018914438,0.1897709768133793,1,5124
74,-0.7024373926000002,0.08658824988,0.62926407351,0.1986314696852852,0.2431046095398321,0.2037092850510966,1,5124
75,-0.8085235313400001,-0.1681859949529,0.4973727853999999,0.2918232056546485,0.1222656824543192,0.2137506468485474,1,5124
76,-0.8499079447999999,-0.1128546499858,0.4280311456459999,0.2663819761521766,0.0768574749411889,0.2719457847086362,1,5124
77,-0.687304289508,-0.0432997155144999,0.5687678299999999,0.3181515346250289,0.3305000508897796,0.1676197164946102,1,5124
78,-0.302954329206,0.5894157073742,0.4365606374,0.7963349067881719,0.4395816192714151,0.354055797555502,1,5124
79,-0.9186245936,-0.1634968953328999,0.3828564062999999,0.0799305525981889,0.0873360469553807,0.1223087412282891,1,5124
80,-0.7243649523999999,0.0811176398571,0.638899246,0.1559945063898921,0.1600225574921223,0.1402700549949018,1,5124
81,-0.6788112205000003,0.2256981170999999,0.7017647931,0.0878455490226385,0.0366566858093513,0.1001016470313862,1,5124
82,-0.7798015268,0.2255418097299999,0.54507479007,0.2039080756561185,0.1059443267632429,0.2278744848630936,1,5124
83,-0.77655872213,0.3759055033,0.478418352,0.1762656076819789,0.1635240429873906,0.0913176020184544,1,5124
84,-0.6740242190000001,0.1608322805684,0.6862853289999998,0.1599490152464247,0.1194318688150568,0.2105652835304292,1,5124
85,-0.8812550795000001,0.1833399474526,0.442246976,0.1772972722241654,0.1504479007119159,0.1219711868807064,1,5124
86,-0.8151635765,0.3260447701,0.4294527281,0.2375650921556819,0.1113101066139506,0.1335053913957754,1,5124
87,-0.663678113,0.37340464953,0.6024119551,0.2496007905024641,0.1376006465271946,0.218293724455305,1,5124
88,-0.618433228876,0.0754907256484,0.6878648625000001,0.2738928422883633,0.1851322366720744,0.2494062688493349,1,5124
89,-0.6619795039999999,-0.1116042270228999,0.7215089889,0.2346548740937821,0.1481053269824198,0.2116216634349845,1,5124
90,-0.4868678691000001,-0.069246050569,0.8788308048000001,0.1561395780494098,0.080326026240413,0.1591105838918518,1,5124
91,-0.7972509248000001,0.22898048477,0.4183959709,0.217534399293644,0.1984760541937,0.3477796541108418,1,5124
92,-0.8553126247999999,0.0826806709697,0.387752971602,0.1676915225990188,0.1951857356398777,0.322462887514004,1,5124
93,-0.8658131426,0.45014953494,0.030777763616,0.2095264890728133,0.2250434660432312,0.209761869918744,1,5124
94,-0.9345297974,0.3113522715,0.2223755162779999,0.1745953141703807,0.1387937377399183,0.1382556654696212,1,5124
95,-0.4278796494,0.2880630958,0.80411873836,0.3168330180977186,0.1105270819889895,0.2536353446722758,1,5124
96,-0.6222937086,0.1564557931383999,0.7755291339999999,0.1802800296201906,0.1109909569609915,0.1101615305966576,1,5124
97,-0.8638056834,0.20225263549,-0.037774109084,0.3849831939274374,0.2112066606841038,0.4545301164807927,1,5124
98,-0.9353019011000002,0.1070639762971,0.244962884546,0.1872606024748682,0.1656948128734127,0.1800301159508322,1,5124
99,-0.9743699971,0.01703332514,0.14371460714,0.1290357444545762,0.1245814929471035,0.1328139388586386,1,5124
100,-0.9342209565,-0.0661199854376999,0.3416305052,0.1353189257200532,0.0702572876047786,0.177879432086216,1,5124
101,-0.6954885224000001,-0.1350497084358,0.6761763029,0.0920067827726998,0.0997340072823603,0.0852640816812246,1,5124
102,-0.7005843579000001,-0.14114553108,0.6982898131999999,0.114811975069775,0.0516214323082762,0.07300314011325,1,5124
103,-0.8798653172,-0.0628376200831999,0.4270834230999999,0.1376946134999231,0.1067165935870048,0.1326023912840252,1,5124
104,-0.9121389795,-0.0442375346173999,0.37464281422,0.1736460178544951,0.0718067502098953,0.1550457243474958,1,5124
105,-0.9657225192000002,0.0206282995468,0.17720077964,0.1603840003612038,0.0946904817697058,0.2338838932525154,1,5124
106,-0.8001848854000001,0.0545460962039,0.5548679143,0.1853228034361634,0.1512233885320003,0.1807046984106453,1,5124
107,-0.7887578513,-0.0203231427216,0.6169436937,0.1500481576390197,0.088437846186639,0.1543383620242437,1,5124
108,-0.6653767277000003,-0.1101974939787,0.7306703107000001,0.0544764915014355,0.0704572144790445,0.0627411597400112,1,5124
109,-0.7169528156999999,-0.1761574569199999,0.6553264239000001,0.1400477976894664,0.0624454651502993,0.1052510740786265,1,5124
110,-0.79586114978,-0.1416144468828999,0.5537622375,0.2668201516756142,0.2966248711793232,0.2190396225194201,1,5124
111,-0.8645777925,-0.0639317432445,0.46830932197,0.3648112399890676,0.4304885555090141,0.318923460553027,1,5124
112,-0.8201049972,0.1148791348584,0.14876912861,0.3360852162996651,0.1698791304289293,0.5662958389652271,1,5124
113,-0.9783849054,0.1727113272299999,-0.073155724464,0.2338831976585429,0.1143404045009461,0.1876320170068664,1,5124
114,-0.8954616744000002,0.0476687559368,0.4120778271999999,0.1204006413769574,0.0695796287959489,0.0816303689040258,1,5124
115,-0.9459568188000002,0.0553276120536,0.33420668636,0.2219508927622594,0.1176493512829605,0.1583281287892377,1,5124
116,-0.9712816143,0.1366052856542,0.061104860718,0.1064427632757292,0.0646883548632222,0.1486303649261349,1,5124
117,-0.7683744749399999,0.20365936352,0.4629388962619999,0.3150140949663411,0.2374925851639139,0.316834277154112,1,5124
118,-0.6888484794600003,0.1206623548826,0.6856535157000002,0.3804121017678504,0.1480873216353022,0.2081902835924207,1,5124
119,-0.737490604316,0.0675192637697,0.6158380125,0.2615775050270775,0.0942202121501145,0.1529252570861855,1,5124
120,-0.740733415026,-0.0287635231058,0.5983051615000001,0.4580051537549391,0.205367103250156,0.36545319364081,1,5124
121,-0.7155630464000001,0.3474583147712999,0.4965830224499999,0.5159147991117182,0.3138243256981721,0.3401194092574123,1,5124
122,-0.59233634163,0.1822458227913,0.7327236984000003,0.285700776353641,0.1277249294446152,0.2191391658504424,1,5124
123,-0.8482093390000002,-0.2535275529758,0.017509661136,0.1786118137900664,0.1347661086182092,0.485063762329781,1,5124
124,-0.8390985760999999,-0.3310539470799999,0.048942430452,0.2362691047208643,0.1593164743004902,0.4634868319763667,1,5124
125,-0.4706538293560001,0.0890891035513,0.8183345653,0.3119993597617243,0.1524134639813923,0.2871422429695643,1,5124
126,-0.9547587448,-0.0142273178344999,-0.259698961368,0.1931455380768714,0.099320053052155,0.3175265211408827,1,5124
127,-0.8949984260999999,-0.1248899972658,-0.09558514049,0.1105920321191916,0.0813844802666799,0.4213035722622848,1,5124
128,-0.8411060430999998,-0.2699393966,-0.4345536269380001,0.0697309547038087,0.0655683653032714,0.2092706286786667,1,5124
129,-0.934220947,-0.3258959497,-0.024348054284,0.0607525670592476,0.0391165153513855,0.1854448170574067,1,5124
130,-0.7686833261999998,-0.0604930757202999,0.5419157144600001,0.2736761102813063,0.1688747122355667,0.2602654716144708,1,5124
131,-0.7467557713000003,-0.0317332788789999,0.6349504073,0.2281171106021218,0.0740135381540548,0.2058707040018666,1,5124
132,-0.6462287173000001,-0.0037550014547999,0.7483611119999999,0.1689194118784974,0.0712081671687137,0.1174376267216973,1,5124
133,-0.581526981706,-0.1441152987216,0.7880074730000001,0.2610327450408883,0.1335890436660555,0.1809137657660485,1,5124
134,-0.5887846958,-0.21070047162,0.7780563948,0.211482196049716,0.0748284343811581,0.1411530930707728,1,5124
135,-0.8191784744999998,-0.0662762917974,0.5534463336000001,0.226680132658825,0.1124570477354801,0.1839792284146997,1,5124
136,-0.5214578185,-0.0445501439231999,0.8161232191,0.2249920194692197,0.1167981387339949,0.1632433772457469,1,5124
137,-0.5535770632000001,0.0334451630194,0.8341299377999999,0.162968392035092,0.0671516096827977,0.1049758323774167,1,5124
138,-0.3313675040759999,0.0518889429268,0.9412224874,0.1934610955892917,0.0919133309059174,0.1292234472869316,1,5124
139,-0.6486994351000002,0.0318821292141999,0.7134533548,0.2564665968752485,0.2299053082074636,0.1966198609678435,1,5124
140,-0.7416599305000001,0.1294153348339,0.6715956468000003,0.2488186557797012,0.1559215412840982,0.1021838026850354,1,5124
141,-0.2388702662819999,0.0032786407797,0.9388531784,0.255905115904894,0.1291969100053005,0.1651051428022785,1,5124
142,-0.6886940623000001,0.1087833121026,0.6733331346999999,0.2492247422972387,0.0749562730417464,0.1219719060819226,1,5124
143,-0.31175623637,0.0740839993313,0.936483881,0.3476272393191676,0.1502472426658969,0.1916132511169187,1,5124
144,-0.5395248953,-0.0364223757238,0.8567173046000001,0.0532207035617958,0.0536054430329198,0.0503002556314823,1,5124
145,-0.6377356478999999,0.0878386797913,0.6820205815,0.214495779520526,0.1903183420977142,0.2179632944185717,1,5124
146,-0.763741904762,0.2766529648842,0.425345931136,0.4401229818818465,0.4735999993881654,0.3524740490081689,1,5124
147,-0.9896575309,-0.2094500431357999,0.0569980669179999,0.3604259912494716,0.1001714994342928,0.2781910044211056,1,5124
148,-0.93653724214,-0.24039808445,-0.2660171063,0.1647704222594093,0.2959639076829081,0.1482161527274141,1,5124
149,-0.9385447022,-0.2477443389999999,-0.2476944806,0.0218403991974255,0.0331025501344546,0.0306858894596523,1,5124
150,-0.918161345,-0.2519645308,-0.3213008793,0.0227479272165847,0.0164240564997625,0.0382319080241623,1,5124
151,-0.8937630686999999,-0.2641561797,-0.3696346824000001,0.0256822368367537,0.029144024406984,0.0252226734060399,1,5124
152,-0.8603417804999998,-0.2711100797,-0.4396832889000002,0.0195454052959792,0.0090383510021759,0.0302035461955985,1,5124
153,-0.8335605324999998,-0.2844723978,-0.4806684097999998,0.0112461895049506,0.0126806323465856,0.0095829830315648,1,5124
154,-0.8386657098999999,-0.2771373104,-0.4770028453,0.0158339538502195,0.0149510617898608,0.0160595260767511,1,5124
155,-0.8485181971,-0.2680637668,-0.4647227819999999,0.0121123439613787,0.0101125361104351,0.0128733896066219,1,5124
156,-0.8682838476000001,-0.2536838692000001,-0.4356593025999999,0.0071777812415786,0.0067090799457878,0.0062378599596644,1,5124
157,-0.8662764005999999,-0.2580603613,-0.4373967951999999,0.0099083473569273,0.0084537580684859,0.0096236729237035,1,5124
158,-0.8671468867000002,-0.2587748848,-0.4360130621999999,0.0090657386799057,0.0080822407595185,0.0114174269591908,1,5124
159,-0.8656797354,-0.260401708,-0.4359675417000001,0.0063517290117605,0.0073279171616177,0.0074645941861396,1,5124
160,-0.8241409251999998,-0.2246082647153,-0.5294760828,0.1280433719630106,0.1116315655488526,0.13508394990279,1,5124
161,-0.7567916971400002,0.2760293478241999,-0.12054647395,0.3671796413914398,0.4578704975952803,0.2835863237446839,1,5124
162,-0.1019002327719999,1.0469152315,-0.336938284428,0.2266400222250878,0.1407071883178953,0.2512365672155173,1,5124
163,-0.4003182947279999,0.7494032222999999,0.243912054581,0.2794972981202159,0.2348814736444446,0.3155601713038181,1,5124
164,-0.8754548891000001,0.2847281027547,-0.0008000798269999,0.5204261921616604,0.5285297416163115,0.1872644840506049,1,5124
165,-0.8556041313,-0.0082670587358,-0.028831361844,0.2807495813009301,0.5958149390123096,0.1843047990018886,1,5124
166,-0.5965466923,0.1692519358,0.4865516066000001,0.1088713897612368,0.575267546326883,0.4399902564085105,1,5124
167,-0.6476184839,-0.0526779082445,0.7513622341999999,0.0401706454468403,0.0286904442192508,0.041802361152681,1,5124
168,-0.7479911358000001,0.1744306603212999,0.6046233091000001,0.059644273095654,0.1514499586512301,0.0875853563311706,1,5124
169,-0.738417126,0.5100136753000001,0.4501446515,0.0253594650418558,0.0569344794242139,0.0469919559967423,1,5124
170,-0.7647561531,0.5160329511000001,0.3628791133,0.0323569722120013,0.0500657910976882,0.0363275054372964,1,5124
171,-0.7600942229000001,0.508878084,0.3163381774,0.122976410223992,0.0740727973305903,0.0721632734256968,1,5124
172,-0.5322671852900001,0.6677236221999999,0.5008477699,0.3452182226902139,0.2414529236336247,0.2305353020253394,1,5124
173,-0.33121308478,0.7421239533999998,0.5385986886000002,0.2108909490666711,0.0948144497364171,0.1594893272098442,1,5124
174,-0.41722470734,0.7244616852099999,0.53891459701,0.3102123187752994,0.3640656279238023,0.2476288736122026,1,5124
175,-0.43659619526,0.6826745054000001,0.6057465385599999,0.2357943193897694,0.1828165245759526,0.1960601206424641,1,5124
176,-0.39660956553,0.7339323903999998,0.50531599279,0.2052061474025366,0.1650607004136469,0.2601810588958943,1,5124
177,-0.6445301077000001,0.7260247257999999,0.28761036636,0.1521627696479997,0.0672861601729085,0.1520745256735066,1,5124
178,-0.6891573155999999,0.6660042892,0.271499093356,0.164000286467444,0.1163319653739046,0.1554164461041002,1,5124
179,-0.7079964936,0.6999220927,0.067107098102,0.043524770971165,0.0652580755233793,0.0748144201929392,1,5124
180,-0.6423682289,0.7582231933999999,0.008506302018,0.0522109404944204,0.057397226689739,0.0446241062192965,1,5124
181,-0.5427677030999999,0.8401260665000001,-0.0488308657199999,0.0256761409433791,0.0218372892399282,0.013540306188519,1,5124
182,-0.5585184867,0.8279344143,-0.0436183958179999,0.0227431742338819,0.0292981408119314,0.0206959504082805,1,5124
183,-0.5614524528999999,0.7636937968,0.2029472213199999,0.1313838988393067,0.0894830787970963,0.2383366344561021,1,5124
184,-0.8068249298000001,0.5383045489,0.06094690743,0.2007399177931533,0.1478031053165668,0.2726517561578466,1,5124
185,-0.7571349126,0.4529518281999999,0.3359938173599999,0.2373145858028347,0.0891560887254034,0.2846172948629183,1,5124
186,-0.6305910107399999,0.5302262282999999,0.5629369841999999,0.2683461190748824,0.1866678970742505,0.2455754183530942,1,5124
187,-0.5014736903400001,0.5949628770000001,0.5938166493000001,0.2279616634320488,0.2026228872071588,0.2016727053769318,1,5124
188,-0.5823547992799999,0.5896900395293999,0.5899045553,0.3101080426141968,0.2450225098642795,0.2114919144776023,1,5124
189,-0.5768877275060001,0.6120876443000001,0.54268217381,0.2685547279620585,0.2290454926077686,0.2408191919250794,1,5124
190,-0.5427887466999999,0.5741011908247,0.5645107733,0.2611480608151821,0.2239772744015194,0.1753946473856056,1,5124
191,-0.47217535,0.5498981087000001,0.6775186405000002,0.0971006850242989,0.0870492691284102,0.1135870307905052,1,5124
192,-0.5605259367,0.58816528031,0.6016221854000001,0.1620126684699599,0.1796444027834049,0.1431221388784302,1,5124
193,-0.6184332207,0.5609685189,0.41018238575,0.2441354181241445,0.1737010640790781,0.2114204954312961,1,5124
194,-0.7495353265999999,0.6899186815999999,-0.122753165216,0.1581305157524272,0.0510800775482421,0.118062046686811,1,5124
195,-0.7161807247,0.6503739577000001,0.18130757216,0.1160855593683572,0.0967096833239466,0.1166258079311255,1,5124
196,-0.7828899241,0.6033267018999999,-0.03366731679,0.0654623925169503,0.0656817400874103,0.2050620997426239,1,5124
197,-0.7918462466,0.5261129059999999,-0.30503165338,0.1034019867141479,0.0885683522496718,0.1035954904543805,1,5124
198,-0.7538590607000001,0.5711282251,-0.3405712185,0.0945685697783647,0.0980138762718517,0.078396477886725,1,5124
199,-0.6474213834,0.7473330036000001,-0.18892696154,0.0675906367021912,0.0797329641266715,0.0443544537195033,1,5124
200,-0.5852674328,0.7289817271,0.02956843068,0.3423630100851845,0.2425924915609949,0.388215672793149,1,5124
201,-0.450579301356,0.6066090608671,0.66322410091,0.3802026253690294,0.2356359710820939,0.2339693783458591,1,5124
202,-0.581990238866,0.5412743142499999,0.5179067598699999,0.3111918466423405,0.2307872774677923,0.2798266044664172,1,5124
203,-0.53418527422,0.60890417086,0.6144200021,0.3981408738720399,0.2249791813966235,0.2343730549962505,1,5124
204,-0.4954433276000001,0.7981666382,0.3047335226000001,0.1584064618173295,0.1298199111496353,0.0884182528298343,1,5124
205,-0.095414613766,1.0323790263999997,0.0209846380439999,0.3574031936627039,0.1495733890499093,0.085966998429064,1,5124
206,-0.14451999518,0.4451478401171,0.608414195242,0.2488034029241045,0.5858847361531261,0.3417105252026245,1,5124
207,-0.5944982078,-0.3071395557457999,0.6747547186,0.195032890955303,0.1947318349178425,0.1037210666147965,1,5124
208,-0.4900026375000001,-0.4300209928999999,0.7468778441,0.1514001182776143,0.0913170164683952,0.1314851770714909,1,5124
209,-0.7677034537000001,-0.5837324326,0.028379936806,0.0934972307986719,0.0881358998767061,0.2459318632009812,1,5124
210,-0.6672297636000001,0.69304474464,-0.051200170854,0.324843292264046,0.4485594324084255,0.2356933701105983,1,5124
211,-0.5503342541999999,0.8945195841,-0.163979061394,0.2643378809902584,0.176495795726282,0.1063862430981387,1,5124
212,-0.8148547453000002,0.2219468379426,0.3736950961760001,0.2357506323788314,0.2112234830629244,0.2799215571456944,1,5124
213,-0.7773585179000001,0.1301920816088,0.5817510271,0.1771324503208277,0.1037528243747211,0.0966158094490951,1,5124
214,-0.9478322357000002,-0.0450174443459,0.171684740752,0.1429399073226046,0.1406369313779185,0.2868254482810841,1,5124
215,-0.9313080191000002,-0.1891274147899999,0.0108832805299999,0.1185000768625352,0.0600768569347651,0.3364319793638926,1,5124
216,-0.9104614004,-0.2302351688899999,-0.208672267148,0.1499141688063915,0.0723086478025829,0.3041724096600587,1,5124
217,-0.9198809743,-0.191159356,-0.191139412498,0.1013480417190985,0.0538880522236597,0.2328919204992847,1,5124
218,-0.74662239278,-0.3882577067106,-0.4841433902400001,0.5931152066923394,0.3678740819310456,0.2267092096114223,1,5124
219,-0.8354135689100001,-0.1875643993105999,0.2165389157599999,0.525345705951732,0.7588827035618164,0.6291863829887374,1,5124
220,-0.8527085327999998,-0.2300788687106,-0.099526299357,0.1841650227627611,0.1045242101384887,0.4765203147437446,1,5124
221,-0.870930029,-0.1900652359499999,-0.066987855614,0.2189932774291407,0.0659548832281161,0.4209550579528889,1,5124
222,-0.9490662692,-0.1463003399118,0.145459768342,0.1989358711812381,0.1445196436607929,0.1390300145236692,1,5124
223,-0.9848915805,-0.1917845741152999,0.112131553996,0.219851266182236,0.0966406339074165,0.1834452560706405,1,5124
224,-0.9494094867,-0.154440848479,0.192900136167,0.1742951438772758,0.1199761696000578,0.3731242294726209,1,5124
225,-0.8376871693999999,-0.1456240813579999,0.359811617479,0.2350793667439611,0.1688493823910323,0.2715549813483379,1,5124
226,-0.8676245387000001,-0.206558412876,-0.229899212108,0.200741390214398,0.0972132855345916,0.4162853076322866,1,5124
227,-0.88500326198,-0.235858877819,-0.3028049691839999,0.2661179627898137,0.1611581586185781,0.4472601473076518,1,5124
228,-0.922681606,-0.144108889209,-0.251785950352,0.1891164476581039,0.167703003713163,0.3838389099186463,1,5124
229,-0.99711176,-0.1231642568619999,0.006784147366,0.259584054676848,0.1331308717329881,0.3437417450312556,1,5124
230,-0.9183578507,-0.076116985905,-0.211823679584,0.2238208050076265,0.1533465408954571,0.2581705548598156,1,5124
231,-0.8236987488999997,-0.0576732045269999,-0.48919025772,0.1983288764155202,0.0866445677449074,0.3304280007370105,1,5124
232,-0.9904717178,0.035014602478,0.066964476256,0.1082855042620615,0.0727143053566474,0.1360607127935672,1,5124
233,-0.9915526406,0.109883842,0.0729667158959999,0.0466984092893713,0.0394294362393335,0.0878496688398441,1,5124
234,-1.0032885368000002,-0.024224317217,-0.095727760724,0.1857869384230366,0.0755728443896872,0.1153884075682364,1,5124
235,-0.9203653078999998,-0.1150364881089999,-0.24989050701,0.1841755330716039,0.121882401195602,0.2826628773977902,1,5124
236,-0.970088362,-0.138950878402,-0.0612938696899999,0.2010830845956883,0.0833818453123556,0.2094611180008534,1,5124
237,-0.8673994443,-0.126290323002,-0.248468922984,0.1581164036609225,0.196154514096743,0.2235972925176744,1,5124
238,-0.6987734207350002,0.4503122404659999,-0.57511701303,0.5265578204081859,0.580286026999436,0.8336470081819467,1,5124
239,-0.6938320053400001,0.2568088644720001,0.53040043365,0.8330021283345083,0.7170323346334404,0.4264055562639227,1,5124
240,-0.9986559633,0.1175426986509999,0.29947221887,0.3759741059526997,0.3591265029435958,0.2743207478986382,1,5124
241,-0.6272772238850001,0.327145308697,0.6003738915560001,0.8496657717042956,0.6590378451831768,0.7868324066756666,1,5124
242,-0.8462439785,0.26931312016,0.29757677635,0.169918073918423,0.2237314890253461,0.2796019453775423,1,5124
243,-0.7145242070800001,0.128171311131,0.6295953027200001,0.3182844560868423,0.2670453577039662,0.2518689754322925,1,5124
244,-0.7177670171499997,0.1144166333209999,0.5465116966300001,0.2752221345327725,0.305308360834769,0.3017240505258108,1,5124
245,-0.5063668066,0.9393850073,0.030635142674,0.1957074551330627,0.2016551329862961,0.1341713009658226,1,5124
246,-0.4097002393,0.930632026,0.0942904539919999,0.0941641441307,0.147857170027114,0.1270561360767693,1,5124
247,-0.3399026528,0.9476690828999998,0.130461833666,0.0737439008361594,0.0783565904616194,0.0862177155416613,1,5124
248,-0.6092101503,0.7490076899999997,0.21670451788,0.233760162503158,0.2392413136228325,0.1005894962520897,1,5124
249,-0.5187203666000001,-0.221791589699,0.6932506185999999,0.2758822209822333,0.1135099246284934,0.2354172818657927,1,5124
250,-0.4507758174749999,-0.27899856215,0.8467815549999999,0.2605309971668892,0.277684358697245,0.1858126712328411,1,5124
251,-0.6536829474999999,0.419207903401,0.518869813956,0.2881598068873062,0.4788368906022502,0.2512393747413889,1,5124
252,-0.49880026,0.8652972841,-0.019910018518,0.0967715149124267,0.0984559827657263,0.1189968163721142,1,5124
253,-0.5953124010999999,0.8287223277,-0.139638870544,0.2757047518684032,0.2008610670099027,0.1565581121086952,1,5124
254,-0.3975011004,0.9389160945999998,-0.075193789896,0.0741291269045226,0.0571999819363109,0.1039031304270695,1,5124
255,-0.6661909158,0.5487832663780001,-0.21213958796,0.2685508265175281,0.3875632093625771,0.2540054953345622,1,5124
256,-0.8369788245999997,-0.1695863113489999,0.3564934832300001,0.2340394886118884,0.2140619263492569,0.3818485434325597,1,5124
257,-0.7417020380999999,-0.2627430327,-0.6382984812,0.0816714229989685,0.1162199054462817,0.1487320661677,1,5124
258,-0.8311108867999997,-0.2250739575,-0.5162003243000001,0.0936518002890741,0.0760959543871291,0.1751039382025352,1,5124
259,-0.8346625336999998,0.136299084811,-0.31575716601,0.1043262293137093,0.4601693921472626,0.1221585435124395,1,5124
260,-0.5364786037000001,0.8806150003000001,-0.12179010937,0.1682259431776854,0.1147233867587889,0.1365446687291966,1,5124
261,-0.7759831476000001,0.5606623185999999,-0.1382172867759999,0.1275147277450638,0.1812300527950657,0.0647329635687963,1,5124
262,-0.6251153574,0.7247806944999999,-0.033967892968,0.1707337624572705,0.2428483213134955,0.1286433211787853,1,5124
263,-0.7264145008,0.7371286482000001,-0.0357053828119999,0.2845832310417332,0.2203378148166122,0.1443034401117428,1,5124
264,-0.3988908897149999,0.6281853067000001,0.5273993072600001,0.2036252860029312,0.26059742747436,0.1528731740647004,1,5124
265,-0.2637738820499999,0.8873360316000002,0.3765535923,0.3167804496306738,0.2498444533040691,0.1206186051662754,1,5124
266,-0.5207278152000001,0.8345055452,0.27072465965,0.0843902802461395,0.0682402817375349,0.1357621808375887,1,5124
267,-0.49988119476,0.7033671527000002,0.2467157087099999,0.3994905409834074,0.2356407311583768,0.2469476984273906,1,5124
268,-0.61785764635,0.6241214245000001,0.4680087515400001,0.4043771310207834,0.3852886267699503,0.3246900667630459,1,5124
269,-0.7288852244,0.6216205719,0.3013676643,0.0829253634534374,0.0956479551736947,0.0516499363452314,1,5124
270,-0.7787626916000001,0.559411884,0.2013830141559999,0.1605892267021163,0.1446278619428959,0.1056220307605959,1,5124
271,-0.7092739514999998,0.6935200545999999,0.1819547172719999,0.1462887297437356,0.1058986734931051,0.1080401133301135,1,5124
272,-0.8037786369000002,0.5720724517999999,0.20169892039,0.1490763312869017,0.0684834153433719,0.0567184191926772,1,5124
273,-0.8144335816,0.5273697219000001,0.24639979981,0.1361094078501419,0.0894532979052705,0.070994877538604,1,5124
274,-0.7404666809999999,0.6736695496,0.1009245044159999,0.0975492866253628,0.1148429359641012,0.0539605404150117,1,5124
275,-0.7051046313,0.7168092340000001,0.0846552830259999,0.0882067396408455,0.0868998096355323,0.0565165582101634,1,5124
276,-0.4218993727999999,0.9473564799,0.051958880602,0.0926823321945016,0.1063859780686671,0.1199812347223312,1,5124
277,-0.6992366898099999,0.206948138526,-0.0458144129999999,0.7413555332921887,0.4542625478007782,0.661920157406007,1,5124
278,-1.0117816170999998,-0.183184691677,-0.048815532214,0.2673972740437061,0.2959845783825116,0.3195108246056538,1,5124
279,-0.7820055053999999,-0.5517476754000001,-0.255734787088,0.1394812516254855,0.0750773296554551,0.246587344602164,1,5124
280,-0.8161321972999996,-0.5176735775,-0.0451826009279999,0.1297616014225799,0.0760998362378552,0.3134310882902816,1,5124
281,-0.9103280385,-0.221010066399,0.02621244061,0.1183856702099867,0.1831983352440206,0.2500836247600774,1,5124
282,-0.9571171432,0.0117254196699999,0.32521866228,0.202836256269131,0.1881166871110544,0.1858370766562961,1,5124
283,-0.9248434699,0.0509575315109999,0.344331048716,0.2302210000866986,0.1204354654215237,0.1805560352687493,1,5124
284,-0.9222183305,-0.0765858992249999,-0.236938306828,0.1432595213933633,0.2770257345588228,0.1910144853668522,1,5124
285,-0.9748753487,-0.0790867465149999,0.037111239424,0.1461140853843924,0.3595426640922209,0.1238117861720491,1,5124
286,-0.8065581922499999,0.0254801035779999,0.37007749382,0.3539320492822677,0.3774231432694761,0.29546030428982,1,5124
287,-0.6229534899,-0.187717483295,0.7738069730000001,0.1073741510075239,0.1957644416136915,0.0720272634396534,1,5124
288,0.1247453918,0.322456219051,0.4773280073999998,0.6550357852005528,0.6078129154732782,0.1397351616030895,1,5124
289,-0.106883744345,0.0522079517649999,0.7134686912000001,0.5044796757282288,0.6094659223952679,0.2635570111003567,1,5124
290,-0.4554083990999999,0.431555858257,0.60258523524,0.1693728228338452,0.4914410954766573,0.2923694116250371,1,5124
291,-0.3365054350899999,1.032854336,0.069017874154,0.2056103959148303,0.1574574227087665,0.1422567085411716,1,5124
292,-0.4134063095599999,1.0189433413,0.032688539676,0.2000259332464548,0.1374649892032641,0.1832390678153534,1,5124
293,-0.4334808347,1.0269148033,-0.0260702088619999,0.1242365423731545,0.1878800720459248,0.1686987546469295,1,5124
294,-0.5151687165,0.8452904733,-0.0341258446819999,0.1356254594010538,0.1175427492639324,0.2224476934004924,1,5124
295,-0.5253604076,0.8205945662999998,-0.15338083545,0.0438019705201472,0.069634043939582,0.1028591788321869,1,5124
296,-0.5085286836000001,0.8446652585999999,-0.239465562544,0.1671592438535333,0.1458744573404878,0.2509196392939027,1,5124
297,-0.6759193527999998,0.6259970599,-0.338976351394,0.1486926035925228,0.0870395646016993,0.2311231679067749,1,5124
298,-0.7325912904999999,0.6553820659,-0.2519438997,0.0759490925858035,0.0801470252471788,0.0542716247375175,1,5124
299,-0.8524207659999997,0.4349945194,-0.2276190394999999,0.1131877198023916,0.1214585962031599,0.0851315601329868,1,5124
