index,mean_x,mean_y,mean_z,std_x,std_y,std_z,label,file_id
0,-0.7469186512000001,0.4467056296,-0.5136543540000001,0.0042785413604212,0.0076263124806157,0.0069290927739119,0,931
1,-0.7469186514000004,0.4490505915999999,-0.514461499,0.0048249702322789,0.006612051592535,0.0063647781286839,0,931
2,-0.7472324884000002,0.4492069224,-0.5141386410000002,0.0037453842465337,0.0065085702205868,0.0066082604616731,0,931
3,-0.7466048140000001,0.4481126068,-0.5149457860000001,0.004731273807526,0.0071294352050778,0.005947899113277,0,931
4,-0.7470755698000002,0.4481126068,-0.513977212,0.0040239013198912,0.0071294352050778,0.0067208252125563,0,931
5,-0.7464478954000002,0.4481126068,-0.513331496,0.0049345570388957,0.0071294352050778,0.0071165006443543,0,931
6,-0.7469186512000001,0.4496759148,-0.514138641,0.0042785413604212,0.006163767703942,0.0066082604616731,0,931
7,-0.7469186512000001,0.4474872835999999,-0.513815783,0.0042785413604212,0.0073879053750457,0.0068276812792574,0,931
8,-0.7472324884000002,0.4470182911999999,-0.5152686440000002,0.0037453842465337,0.0075416815531068,0.0056295956523944,0,931
9,-0.7462909768000003,0.4490505915999999,-0.513815783,0.0051249400153586,0.006612051592535,0.0068276812792574,0,931
10,-0.7473894070000003,0.4484252683999999,-0.513331496,0.0034371907335378,0.0069754184411938,0.0071165006443543,0,931
11,-0.7469186512000001,0.4481126067999998,-0.514461499,0.0042785413604212,0.0071294352050778,0.0063647781286839,0,931
12,-0.7469186512000001,0.4481126068,-0.5141386410000001,0.0042785413604212,0.0071294352050778,0.0066082604616731,0,931
13,-0.7473894070000003,0.4492069224,-0.5151072150000001,0.0034371907335378,0.0065085702205868,0.0057932070637175,0,931
14,-0.7477032442000002,0.4473309527999998,-0.5131700670000001,0.0026903161701758,0.0074428347958456,0.0072028981080086,0,931
15,-0.7478601628000001,0.449519584,-0.5146229280000001,0.0022079277768454,0.006284734627589,0.0062331436798661,0,931
16,-0.7473894070000003,0.4498322456,-0.5141386410000001,0.0034371907335378,0.0060362904929622,0.0066082604616731,0,931
17,-0.7473894070000001,0.4492069224,-0.5149457860000001,0.0034371907335378,0.0065085702205868,0.005947899113277,0,931
18,-0.7477032442000001,0.4476436143999999,-0.5141386410000001,0.0026903161701758,0.0073291970570679,0.0066082604616731,0,931
19,-0.7473894070000003,0.4481126067999998,-0.514138641,0.0034371907335378,0.0071294352050778,0.0066082604616731,0,931
20,-0.7475463256000002,0.4487379299999999,-0.513977212,0.0030904551098223,0.0068034248044197,0.0067208252125563,0,931
21,-0.7478601628000001,0.4482689376,-0.5136543545,0.0022079277768454,0.0070545971229697,0.0072990996973686,0,931
22,-0.7472324884000002,0.4476436143999999,-0.514461499,0.0037453842465337,0.0073291970570679,0.0063647781286839,0,931
23,-0.7472324884000002,0.4481126068,-0.5141386410000002,0.0037453842465337,0.0071294352050778,0.0066082604616731,0,931
24,-0.7469186512000001,0.450301238,-0.515268644,0.0042785413604212,0.0056102478169139,0.0056295956523944,0,931
25,-0.7480170814000001,0.4476436143999999,-0.513977212,0.001569186,0.0073291970570679,0.0067208252125563,0,931
26,-0.7473894070000003,0.4476436143999999,-0.514461499,0.0034371907335378,0.0073291970570679,0.0063647781286839,0,931
27,-0.7461340582000002,0.4495195839999999,-0.51430007,0.0053038121021116,0.006284734627589,0.0064896899791792,0,931
28,-0.7477032442000002,0.4479562759999999,-0.5131700670000001,0.0026903161701758,0.0072000680384091,0.0072028981080086,0,931
29,-0.7472324884000002,0.4482689376,-0.514784357,0.0037453842465337,0.0070545971229697,0.0060943510356152,0,931
30,-0.7459771396000002,0.4504575688000001,-0.5141386410000001,0.005472302178294,0.0054518035298202,0.0066082604616731,0,931
31,-0.7473894070000003,0.4493632532000001,-0.5128472089999999,0.0034371907335378,0.006399560454328,0.0073619376074357,0,931
32,-0.7473894070000003,0.4473309528,-0.5149457860000001,0.0034371907335378,0.0074428347958456,0.005947899113277,0,931
33,-0.7475463256000002,0.4492069223999999,-0.51430007,0.0030904551098223,0.0065085702205868,0.0064896899791792,0,931
34,-0.7469186512000001,0.4499885764,-0.513977212,0.0042785413604212,0.0059018811544304,0.0067208252125563,0,931
35,-0.7469186512000001,0.4479562759999999,-0.513331496,0.0042785413604212,0.0072000680384091,0.0071165006443543,0,931
36,-0.7466048140000001,0.4473309527999998,-0.513815783,0.004731273807526,0.0074428347958456,0.0068276812792574,0,931
37,-0.7467617326000002,0.4490505916,-0.5141386410000001,0.0045133475576362,0.006612051592535,0.0066082604616731,0,931
38,-0.7469186512000001,0.4468619603999998,-0.513492925,0.0042785413604212,0.007585742384966,0.0070252954808181,0,931
39,-0.7472324884000002,0.4474872836,-0.513815783,0.0037453842465337,0.0073879053750457,0.0068276812792574,0,931
40,-0.7470755698000002,0.4488942607999999,-0.5149457860000001,0.0040239013198912,0.0067102603412018,0.005947899113277,0,931
41,-0.7469186512000001,0.4496759147999999,-0.5136543540000001,0.0042785413604212,0.006163767703942,0.0069290927739119,0,931
42,-0.7472324884000002,0.4470182911999999,-0.5130086380000001,0.0037453842465337,0.0075416815531068,0.0072846589345406,0,931
43,-0.7472324884000002,0.4490505916,-0.513170067,0.0037453842465337,0.006612051592535,0.0072028981080086,0,931
44,-0.7467617326000001,0.4492069224,-0.515268644,0.0045133475576362,0.0065085702205868,0.0056295956523944,0,931
45,-0.7470755698000002,0.4479562756,-0.5146229280000001,0.0040239013198912,0.0075351310209252,0.0062331436798661,0,931
46,-0.7472324884000002,0.4476436144,-0.51430007,0.0037453842465337,0.0073291970570679,0.0064896899791792,0,931
47,-0.7469186512000001,0.4490505916,-0.51430007,0.0042785413604212,0.006612051592535,0.0064896899791792,0,931
48,-0.7473894070000003,0.447956276,-0.514784357,0.0034371907335378,0.0072000680384091,0.0060943510356152,0,931
49,-0.7478601628000001,0.4482689375999999,-0.5131700670000001,0.0022079277768454,0.0070545971229697,0.0072028981080086,0,931
50,-0.7473894070000001,0.4485815991999999,-0.51430007,0.0034371907335378,0.0068917495551135,0.0064896899791792,0,931
51,-0.7469186512000001,0.4490505916,-0.5149457860000001,0.0042785413604212,0.006612051592535,0.005947899113277,0,931
52,-0.7475463256000002,0.4463929679999999,-0.5133314959999999,0.0030904551098223,0.0076971965031967,0.0071165006443543,0,931
53,-0.7473894070000003,0.4474872835999999,-0.513492925,0.0034371907335378,0.0073879053750457,0.0070252954808181,0,931
54,-0.7469576634000002,0.4496800962999998,-0.5144546870000001,0.0040224965498485,0.0061636861364301,0.0066307447743261,0,931
55,-0.7464496740000002,0.4485871017999997,-0.515200207,0.004731273807526,0.0068917451466734,0.0060943510356152,0,931
56,-0.7473911856000001,0.4474927868999998,-0.5129402010000002,0.0030904551098223,0.00738790064923,0.0075035944144836,0,931
57,-0.7477174340000002,0.4484303309999998,-0.5150055100000003,0.0022101138608824,0.0069752698734928,0.0062184924568466,0,931
58,-0.7466048140000001,0.4498322456,-0.5139772120000001,0.004731273807526,0.0060362904929622,0.0067208252125563,0,931
59,-0.7477032442000002,0.4476436143999999,-0.515107215,0.0026903161701758,0.0073291970570679,0.0057932070637175,0,931
60,-0.7471363016000001,0.4482723492999998,-0.5145578980000001,0.0037479863252337,0.0070546392140456,0.0068804366954832,0,931
61,-0.7466670972000002,0.4481159634999999,-0.5153608835000001,0.0045113181489586,0.0071295170970154,0.0057633580907247,0,931
62,-0.7469186512000001,0.4482689376,-0.5151072150000001,0.0042785413604212,0.0070545971229697,0.0057932070637175,0,931
63,-0.7475463256,0.4471746220000001,-0.5134929250000001,0.0030904551098223,0.0074940684146995,0.0070252954808181,0,931
64,-0.7466174524000002,0.4495247008999998,-0.5142025235000002,0.0045169539046983,0.0062846756894617,0.0068125076408685,0,931
65,-0.7468721092000001,0.4482705884,-0.513779109,0.0042997757412476,0.007396182131909,0.0069336954348457,0,931
66,-0.7475463256000002,0.4485815991999999,-0.5130086380000001,0.0030904551098223,0.0068917495551135,0.0072846589345406,0,931
67,-0.7462909768000001,0.4477999451999999,-0.51430007,0.0051249400153586,0.0072666182513164,0.0064896899791792,0,931
68,-0.7469170998000001,0.4496759699,-0.5146270865,0.00428385374688,0.0061636533871089,0.0062352402075583,0,931
69,-0.7469204298000001,0.4476491175999998,-0.5160073520000001,0.0040239013198912,0.0073291923688062,0.0052722490625032,0,931
70,-0.7410800836000001,0.4487390856,-0.5158402605000001,0.0078165142515829,0.0068033283894925,0.0059742586121554,0,931
71,-0.7442510350000003,0.4509265612,-0.5163986470000002,0.0068290055159624,0.0049160727251977,0.0041395625895765,0,931
72,-0.7442510350000002,0.4513955535999999,-0.5157529310000001,0.0068290055159624,0.0042625144100682,0.0050763938005559,0,931
73,-0.7450356280000002,0.4492069223999999,-0.5149457860000001,0.0063083650767013,0.0065085702205868,0.005947899113277,0,931
74,-0.7461340582000001,0.4507702304,-0.5151072150000001,0.0053038121021116,0.0051057425477478,0.0057932070637175,0,931
75,-0.7444079536000001,0.451082892,-0.5149457860000001,0.0067354907566322,0.0047135509706917,0.005947899113277,0,931
76,-0.7453494652,0.4503012380000001,-0.51430007,0.0060589867981802,0.0056102478169139,0.0064896899791792,0,931
77,-0.7458202210000002,0.4490505915999999,-0.5162372180000001,0.0056313422120477,0.006612051592535,0.0044015218926974,0,931
78,-0.744251035,0.4496759147999999,-0.516398648,0.0068290055159624,0.006163767703942,0.0052597559196496,0,931
79,-0.7340513346000002,0.4481126045,-0.5272144195,0.0195075186901987,0.0173961833159417,0.0431699062907451,0,931
80,-0.729814528,0.4509265612000001,-0.5306044394,0.0094769783966495,0.0049160727251977,0.009375036612908,0,931
81,-0.73248214,0.4512392228,-0.528828715,0.0,0.0044964410488197,0.0074348969199055,0,931
82,-0.73248214,0.4498322452,-0.5273758494999999,0.0,0.0064322643117451,0.0079133891892366,0,931
83,-0.7324402522,0.4498337307999998,-0.5244209744999999,6.922285416355473e-05,0.0060367020471055,0.0080153712605196,0,931
84,-0.7323332055999999,0.4506191807999999,-0.5277750950000001,3.055426225686444e-05,0.0052840204856922,0.0079176059390886,0,931
85,-0.73248214,0.4492069224,-0.5244701184999999,0.0,0.0065085702205868,0.008032245241637,0,931
86,-0.73248214,0.4482689375999999,-0.523662971,0.0,0.0070545971229697,0.0078750432454101,0,931
87,-0.73248214,0.4488942608,-0.524308689,0.0,0.0067102603412018,0.0080076290475496,0,931
88,-0.73248214,0.4498322455999999,-0.5247929775,0.0,0.0060362904929622,0.0080714749999999,0,931
89,-0.73248214,0.4487379299999999,-0.523662971,0.0,0.0068034248044197,0.0078750432454101,0,931
90,-0.73248214,0.4495195840000001,-0.526568702,0.0,0.006284734627589,0.0080535184149096,0,931
91,-0.73248214,0.4496759147999999,-0.5259229839999999,0.0,0.006163767703942,0.0081056452918765,0,931
92,-0.73248214,0.4482689376,-0.5238244005000001,0.0,0.0070545971229697,0.0079133891892366,0,931
93,-0.73248214,0.450301238,-0.5252772659999999,0.0,0.0056102478169139,0.0081056452918765,0,931
94,-0.73248214,0.4506138996,-0.5251158364999999,0.0,0.0052839445991284,0.0080975225868682,0,931
95,-0.7326390585999999,0.4474872835999999,-0.5249544070000001,0.001569186,0.0073879053750457,0.0080861370920117,0,931
96,-0.73248214,0.4488942608,-0.526245843,0.0,0.0067102603412018,0.0080861370920117,0,931
97,-0.73248214,0.4501449072,-0.5257615545,0.0,0.0057600544307273,0.0081105150101241,0,931
98,-0.73248214,0.450301238,-0.5257615545000001,0.0,0.0056102478169139,0.0081105150101241,0,931
99,-0.73248214,0.4492069223999999,-0.524631548,0.0,0.0065085702205868,0.0080535184149096,0,931
100,-0.7326281988,0.4495199691999999,-0.525952095,0.001555052896467,0.0062846514678223,0.0081009929547746,0,931
101,-0.7323269999999998,0.4495250859999998,-0.5247245600000001,1.1158161231197418e-16,0.0062847306074377,0.0080076538497978,0,931
102,-0.7324573176000001,0.4490514721,-0.524375228,5.716179053541254e-05,0.0066118775973914,0.0080030003278073,0,931
103,-0.73248214,0.4509265612000001,-0.52398583,0.0,0.0049160727251977,0.0079482391372192,0,931
104,-0.73248214,0.451082892,-0.5244701185,0.0,0.0047135509706917,0.008032245241637,0,931
105,-0.73248214,0.4507702304,-0.5235015415000001,0.0,0.0051057425477478,0.0078331499636276,0,931
106,-0.73248214,0.4493632532000001,-0.5233401120000001,0.0,0.006399560454328,0.0077876520959225,0,931
107,-0.73248214,0.4507702304,-0.5257615545,0.0,0.0051057425477478,0.0081105150101241,0,931
108,-0.73248214,0.451082892,-0.526245843,0.0,0.0047135509706917,0.0080861370920117,0,931
109,-0.73248214,0.4485815992,-0.5257615545000001,0.0,0.0068917495551135,0.0081105150101241,0,931
110,-0.73248214,0.4501449072,-0.5247929775,0.0,0.0057600544307273,0.0080714749999999,0,931
111,-0.73248214,0.4488942608,-0.525600125,0.0,0.0067102603412018,0.0081121375999193,0,931
112,-0.73248214,0.4504575688,-0.524631548,0.0,0.0054518035298202,0.0080535184149096,0,931
113,-0.73248214,0.4481126068,-0.523662971,0.0,0.0071294352050778,0.0078750432454101,0,931
114,-0.73248214,0.4515518844000001,-0.5254386955,0.0,0.0040088282234206,0.0081105150101241,0,931
115,-0.7324340467999998,0.4510845972999998,-0.5254061875,0.0022315079339393,0.0047135691853625,0.0081173197955047,0,931
116,-0.7323269999999998,0.4496814166999998,-0.5244017000000001,1.1158161231197418e-16,0.0061637637611695,0.0079482637555174,0,931
117,-0.7323269999999998,0.4487434324999999,-0.5237559800000001,1.1158161231197418e-16,0.0068034204524783,0.0077876762168301,0,931
118,-0.7324588690000001,0.4506147248,-0.5243710695000001,5.567513543820747e-05,0.0052839362296183,0.0080064828838881,0,931
119,-0.73248214,0.4482689376000001,-0.5247929775,0.0,0.0070545971229697,0.0080714749999999,0,931
120,-0.73248214,0.4492069223999999,-0.5217258170000001,0.0,0.0065085702205868,0.0071165226865543,0,931
121,-0.73248214,0.4507702304000001,-0.524631548,0.0,0.0051057425477478,0.0080535184149096,0,931
122,-0.73248214,0.4488942607999999,-0.5230172530000001,0.0,0.0067102603412018,0.0076855814700363,0,931
123,-0.73248214,0.4484252683999999,-0.5236629709999999,0.0,0.0069754184411938,0.0078750432454101,0,931
124,-0.73248214,0.4498322455999999,-0.5230172530000001,0.0,0.0060362904929622,0.0076855814700363,0,931
125,-0.73248214,0.4493632532,-0.5230172530000001,0.0,0.006399560454328,0.0076855814700363,0,931
126,-0.7324418036,0.4492083531999998,-0.523286807,6.839253851324762e-05,0.0065082649081273,0.0077222441748405,0,931
127,-0.7324885727999998,0.4495249208999999,-0.5240663645000001,0.0015689412841194,0.0062847861561056,0.0078851998943625,0,931
128,-0.73248214,0.4495195839999999,-0.5228558235,0.0,0.006284734627589,0.0076288605363814,0,931
129,-0.7326390585999999,0.4496759148,-0.5226943940000001,0.001569186,0.006163767703942,0.0075682374575192,0,931
130,-0.73248214,0.4496759148000002,-0.5222101055000001,0.0,0.006163767703942,0.0073619604098368,0,931
131,-0.73248214,0.450301238,-0.5249544070000001,0.0,0.0056102478169139,0.0080861370920117,0,931
132,-0.7324650745999998,0.4478005504999999,-0.5245158649999999,4.87862610942589e-05,0.0072666670104593,0.0080440261254702,0,931
133,-0.7323269999999998,0.4492124245999998,-0.5242402700000001,1.1158161231197418e-16,0.0065085660572547,0.0079134136995931,0,931
134,-0.7324839185999997,0.4510883929999998,-0.5242402700000001,0.001569186,0.0047135479555782,0.0079134136995931,0,931
135,-0.7324278410000001,0.4499905017999999,-0.5238085245,7.436984739135829e-05,0.0059021678049187,0.0078663757693245,0,931
136,-0.73248214,0.4493632531999999,-0.5231786825,0.0,0.006399560454328,0.0077384860638514,0,931
137,-0.73248214,0.4501449072,-0.5235015415000001,0.0,0.0057600544307273,0.0078331499636276,0,931
138,-0.73248214,0.4506138995999999,-0.522371535,0.0,0.0052839445991284,0.0074348969199055,0,931
139,-0.73248214,0.4496759147999999,-0.5231786825,0.0,0.006163767703942,0.0077384860638514,0,931
140,-0.7323688877999998,0.4495236002999999,-0.5238051269999999,6.922285416355472e-05,0.0062849535984437,0.0078612005483054,0,931
141,-0.7324045699999999,0.4499913274999999,-0.525808064,7.7960783329684e-05,0.0059015114546581,0.0081398729329175,0,931
142,-0.73248214,0.4496759148,-0.5249544070000001,0.0,0.006163767703942,0.0080861370920117,0,931
143,-0.73248214,0.4496759147999999,-0.5241472595000001,0.0,0.006163767703942,0.0079796388942964,0,931
144,-0.7326390586000001,0.4498322456000001,-0.5223715350000001,0.001569186,0.0060362904929622,0.0074348969199055,0,931
145,-0.73248214,0.4499885763999999,-0.5230172530000001,0.0,0.0059018811544304,0.0076855814700363,0,931
146,-0.7326390585999999,0.4495195839999999,-0.523017253,0.001569186,0.006284734627589,0.0076855814700363,0,931
147,-0.73248214,0.4509265611999999,-0.52398583,0.0,0.0049160727251977,0.0079482391372192,0,931
148,-0.73248214,0.4490505916,-0.5231786825,0.0,0.006612051592535,0.0077384860638514,0,931
149,-0.73248214,0.4501449072,-0.5228558235,0.0,0.0057600544307273,0.0076288605363814,0,931
150,-0.73248214,0.4506138996,-0.5238244005,0.0,0.0052839445991284,0.0079133891892366,0,931
151,-0.7323781961999998,0.4485852862999998,-0.5232958825,7.331630362570828e-05,0.0068912953153771,0.007663549200722,0,931
152,-0.7323952616,0.4492100036,-0.523088709,7.739743026457464e-05,0.0065086112292244,0.0076363136208268,0,931
153,-0.73248214,0.450301238,-0.5241472595000001,0.0,0.0056102478169139,0.0079796388942964,0,931
154,-0.73248214,0.4485815992,-0.5222101055000001,0.0,0.0068917495551135,0.0073619604098368,0,931
155,-0.73248214,0.4496759147999999,-0.5220486760000002,0.0,0.006163767703942,0.0072846814975835,0,931
156,-0.73248214,0.449519584,-0.524308689,0.0,0.006284734627589,0.0080076290475496,0,931
157,-0.7327959772,0.451082892,-0.5231786825,0.0022079277768454,0.0047135509706917,0.0077384860638514,0,931
158,-0.73248214,0.4488942608,-0.521725817,0.0,0.0067102603412018,0.0071165226865543,0,931
159,-0.73248214,0.4496759147999999,-0.522371535,0.0,0.006163767703942,0.0074348969199055,0,931
160,-0.73248214,0.4501449072000001,-0.5214029580000001,0.0,0.0057600544307273,0.0069291142356467,0,931
161,-0.73248214,0.4488942607999999,-0.5241472595000001,0.0,0.0067102603412018,0.0079796388942964,0,931
162,-0.73248214,0.4485815991999999,-0.523340112,0.0,0.0068917495551135,0.0077876520959225,0,931
163,-0.73248214,0.450301238,-0.5222101055000001,0.0,0.0056102478169139,0.0073619604098368,0,931
164,-0.73248214,0.4507702304,-0.5238244005000001,0.0,0.0051057425477478,0.0079133891892366,0,931
165,-0.73248214,0.4496759148,-0.5228558235000001,0.0,0.006163767703942,0.0076288605363814,0,931
166,-0.73248214,0.44873793,-0.5228558235,0.0,0.0068034248044197,0.0076288605363814,0,931
167,-0.7326390585999999,0.4493632531999999,-0.5226943940000001,0.001569186,0.006399560454328,0.0075682374575192,0,931
168,-0.73248214,0.450301238,-0.5233401120000001,0.0,0.0056102478169139,0.0077876520959225,0,931
169,-0.73248214,0.4488942608,-0.5218872465000001,0.0,0.0067102603412018,0.0072029204178108,0,931
170,-0.73248214,0.451082892,-0.5231786825000002,0.0,0.0047135509706917,0.0077384860638514,0,931
171,-0.73248214,0.4498322455999999,-0.5241472595000001,0.0,0.0060362904929622,0.0079796388942964,0,931
172,-0.73248214,0.4493632532000001,-0.5201115220000001,0.0,0.006399560454328,0.0059479175359244,0,931
173,-0.73248214,0.450301238,-0.5226943940000001,0.0,0.0056102478169139,0.0075682374575192,0,931
174,-0.73248214,0.4498322456000001,-0.5225329645,0.0,0.0060362904929622,0.0075036176556435,0,931
175,-0.73248214,0.4495195839999999,-0.521402958,0.0,0.006284734627589,0.0069291142356467,0,931
176,-0.7326390585999999,0.4493632532,-0.522371535,0.001569186,0.006399560454328,0.0074348969199055,0,931
177,-0.73248214,0.4498322455999999,-0.521725817,0.0,0.0060362904929622,0.0071165226865543,0,931
178,-0.7323844017999999,0.4484287354999998,-0.5224721025000001,7.527960412177516e-05,0.0069749186719455,0.0074081655750558,0,931
179,-0.7323890559999999,0.4499918776,-0.5227824845000001,7.638565564216108e-05,0.0059016142222316,0.007519061972537,0,931
180,-0.7324542148,0.4499895667999999,-0.5219621,5.990310975690604e-05,0.0059017423191034,0.0071682895668592,0,931
181,-0.7323269999999998,0.4488997631999997,-0.52246454,1.1158161231197418e-16,0.0067102560488548,0.0072847040606265,0,931
182,-0.7324743830000001,0.4498325206999999,-0.5222308985,3.398231760933629e-05,0.0060362760106924,0.0073583790721027,0,931
183,-0.73248214,0.4490505915999999,-0.5228558235,0.0,0.006612051592535,0.0076288605363814,0,931
184,-0.7324061213999998,0.4498349411999998,-0.5224138785,7.794518961349046e-05,0.0060366955680569,0.0073537860809556,0,931
185,-0.7324839185999997,0.4498377473999999,-0.5227874000000001,0.001569186,0.006036286631733,0.0074349199482148,0,931
186,-0.7324885727999998,0.4506192357999999,-0.5224520645000003,0.0015689412841194,0.0052840418261091,0.0072928674117848,0,931
187,-0.73248214,0.4501449072,-0.523017253,0.0,0.0057600544307273,0.0076855814700363,0,931
188,-0.73248214,0.4485815991999999,-0.523178682,0.0,0.0068917495551135,0.0080714733333347,0,931
189,-0.73248214,0.4482689376,-0.5231786825,0.0,0.0070545971229697,0.0077384860638514,0,931
190,-0.7324293923999999,0.4501467774999998,-0.5221900695,7.386141376030133e-05,0.005760422228174,0.0072825386740154,0,931
191,-0.732500984,0.4496808112999998,-0.5224187960000002,0.0015682203116767,0.0061640339564497,0.0073052095981887,0,931
192,-0.73248214,0.4477999452,-0.5215643875000001,0.0,0.0072666182513164,0.007025317240525,0,931
193,-0.73248214,0.4501449072,-0.522371535,0.0,0.0057600544307273,0.0074348969199055,0,931
194,-0.73248214,0.4492069224,-0.5217258170000001,0.0,0.0065085702205868,0.0071165226865543,0,931
195,-0.73248214,0.4496759148,-0.5204343810000001,0.0,0.006163767703942,0.006233162986012,0,931
196,-0.7326390585999999,0.4485815991999999,-0.5233401120000001,0.001569186,0.0068917495551135,0.0077876520959225,0,931
197,-0.73248214,0.4504575688,-0.5215643875000001,0.0,0.0054518035298202,0.007025317240525,0,931
198,-0.73248214,0.4482689376,-0.5214029580000001,0.0,0.0070545971229697,0.0069291142356467,0,931
199,-0.73248214,0.450301238,-0.522048676,0.0,0.0056102478169139,0.0072846814975835,0,931
200,-0.73248214,0.4493632531999999,-0.5231786825,0.0,0.006399560454328,0.0077384860638514,0,931
201,-0.73248214,0.4492069224,-0.519788663,0.0,0.0065085702205868,0.0056296130891488,0,931
202,-0.732474383,0.4498325207,-0.5217466095,3.398231760933629e-05,0.0060362760106924,0.0071047090117435,0,931
203,-0.7323269999999998,0.4507757315999998,-0.5213345300000001,1.1158161231197418e-16,0.0051057392817615,0.0066083013976911,0,931
204,-0.7324839185999997,0.4496814166999998,-0.5229488300000001,0.001569186,0.0061637637611695,0.0075036408968034,0,931
205,-0.7325754512,0.4493655089999999,-0.5217348920000001,0.0015617967739141,0.0063996422572555,0.0070451981212498,0,931
206,-0.73248214,0.4485815991999999,-0.5212415285,0.0,0.0068917495551135,0.0068277024268866,0,931
207,-0.73248214,0.4509265612000001,-0.521725817,0.0,0.0049160727251977,0.0071165226865543,0,931
208,-0.7326390585999999,0.4488942608000001,-0.5210800990000001,0.001569186,0.0067102603412018,0.0067208460292163,0,931
209,-0.7323425139999997,0.4509315120999998,-0.5219386635000001,4.67764699978104e-05,0.0049162294292755,0.0070216283567953,0,931
210,-0.7324309438000001,0.4495213995,-0.5212173340000001,7.331630362570829e-05,0.0062849552647737,0.0067412523603371,0,931
211,-0.73248214,0.450301238,-0.521725817,0.0,0.0056102478169139,0.0071165226865543,0,931
212,-0.73248214,0.4498322455999999,-0.5201115220000001,0.0,0.0060362904929622,0.0059479175359244,0,931
213,-0.73248214,0.4496759147999999,-0.5218872465000001,0.0,0.006163767703942,0.0072029204178108,0,931
214,-0.73248214,0.4490505915999999,-0.5204343810000001,0.0,0.006612051592535,0.006233162986012,0,931
215,-0.73248214,0.4485815991999999,-0.5209186695,0.0,0.0068917495551135,0.0066082809296821,0,931
216,-0.73248214,0.450301238,-0.5205958110000002,0.0,0.0056102478169139,0.0067657353101902,0,931
217,-0.73248214,0.4496759147999999,-0.5207572400000001,0.0,0.006163767703942,0.0064897100799354,0,931
218,-0.7327959772,0.44873793,-0.5205958105000001,0.0022079277768454,0.0068034248044197,0.0063647978425461,0,931
219,-0.73248214,0.4495195839999999,-0.521725817,0.0,0.006284734627589,0.0071165226865543,0,931
220,-0.73248214,0.4498322455999999,-0.521725817,0.0,0.0060362904929622,0.0071165226865543,0,931
221,-0.7323875045999998,0.4492102786999998,-0.521010914,7.605073414825687e-05,0.0065086243639287,0.0064803778910151,0,931
222,-0.7323859532,0.4487413420999999,-0.5216607920000002,7.568221478065349e-05,0.0068027195287369,0.0072751554110156,0,931
223,-0.7324573175999999,0.4501457872999999,-0.5216309244999999,5.716179053541254e-05,0.0057602897699267,0.0070076636653229,0,931
224,-0.7323269999999998,0.4501504087999998,-0.52149596,1.1158161231197418e-16,0.0057600507461978,0.0067208668458763,0,931
225,-0.7326281988000001,0.4498326308,-0.5219163575000002,0.0015707864333198,0.0060361837563679,0.0072141531679697,0,931
226,-0.73248214,0.4501449072,-0.521725817,0.0,0.0057600544307273,0.0071165226865543,0,931
227,-0.73248214,0.4498322455999999,-0.5212415285,0.0,0.0060362904929622,0.0068277024268866,0,931
228,-0.73248214,0.449519584,-0.5212415285,0.0,0.006284734627589,0.0068277024268866,0,931
229,-0.73248214,0.4493632531999999,-0.5212415285,0.0,0.006399560454328,0.0068277024268866,0,931
230,-0.73248214,0.4504575688,-0.5222101055000001,0.0,0.0054518035298202,0.0073619604098368,0,931
231,-0.73248214,0.4488942608,-0.5204343810000001,0.0,0.0067102603412018,0.006233162986012,0,931
232,-0.73248214,0.447956276,-0.522048676,0.0,0.0072000680384091,0.0072846814975835,0,931
233,-0.7324324951999999,0.4496776753999998,-0.5207288855000001,7.273369236477515e-05,0.0061637782709516,0.0063669374980524,0,931
234,-0.7324978812,0.4496809213999999,-0.5230728330000002,0.0015684098863378,0.006163946351445,0.007586028563529,0,931
235,-0.73248214,0.4496759147999999,-0.5214029580000001,0.0,0.006163767703942,0.0069291142356467,0,931
236,-0.73248214,0.450301238,-0.5199500925,0.0,0.0056102478169139,0.0057932250072315,0,931
237,-0.73248214,0.4507702304000001,-0.521725817,0.0,0.0051057425477478,0.0071165226865543,0,931
238,-0.7324185325999999,0.4488965169999998,-0.5206048825,7.66874194655609e-05,0.0067099791731425,0.0062215356265956,0,931
239,-0.7323549251999999,0.4498367572999999,-0.5209368155000001,5.990310975690606e-05,0.0060359649190208,0.0063713111493437,0,931
240,-0.73248214,0.4485815991999999,-0.5209186695,0.0,0.0068917495551135,0.0066082809296821,0,931
241,-0.73248214,0.4506138996000001,-0.5228558235,0.0,0.0052839445991284,0.0076288605363814,0,931
242,-0.73248214,0.4495195839999999,-0.5207572400000001,0.0,0.006284734627589,0.0064897100799354,0,931
243,-0.7324061213999998,0.4499912722999998,-0.5212838705,7.794518961349046e-05,0.0059017812069127,0.0067162319334236,0,931
244,-0.7323673363999998,0.4493673245000001,-0.5233249955000001,6.839253851324762e-05,0.0063999030820114,0.0077039989317797,0,931
245,-0.73248214,0.4509265612,-0.5196272335000001,0.0,0.0049160727251977,0.0054562794706161,0,931
246,-0.73248214,0.449519584,-0.5209186695000001,0.0,0.006284734627589,0.0066082809296821,0,931
247,-0.73248214,0.4509265612000001,-0.519788663,0.0,0.0049160727251977,0.0056296130891488,0,931
248,-0.73248214,0.4499885763999999,-0.5202729515000001,0.0,0.0059018811544304,0.0060943699118735,0,931
249,-0.73248214,0.4496759148,-0.5205958105,0.0,0.006163767703942,0.006364797842546,0,931
250,-0.73248214,0.4492069223999999,-0.5209186695000001,0.0,0.0065085702205868,0.0066082809296821,0,931
251,-0.73248214,0.4501449072000001,-0.5218872465000001,0.0,0.0057600544307273,0.0072029204178108,0,931
252,-0.7326390585999999,0.4485815991999999,-0.5209186695,0.001569186,0.0068917495551135,0.0066082809296821,0,931
253,-0.73248214,0.44873793,-0.5209186695,0.0,0.0068034248044197,0.0066082809296821,0,931
254,-0.73248214,0.4507702304,-0.519788663,0.0,0.0051057425477478,0.0056296130891488,0,931
255,-0.732451112,0.4482700387999999,-0.5216475604999999,6.23686266637472e-05,0.0070538075762852,0.0070369541202045,0,931
256,-0.7323269999999998,0.4492124245999999,-0.5205273800000001,1.1158161231197418e-16,0.0065085660572547,0.0059479359585719,0,931
257,-0.7324774858,0.4507703953999999,-0.5215768635000001,2.6598226764782487e-05,0.0051058038716983,0.0070280923705068,0,931
258,-0.73248214,0.4496759148,-0.5201115220000001,0.0,0.006163767703942,0.0059479175359244,0,931
259,-0.73248214,0.449519584,-0.5205958105000001,0.0,0.006284734627589,0.0063647978425461,0,931
260,-0.73248214,0.4504575688,-0.5222101055,0.0,0.0054518035298202,0.0073619604098368,0,931
261,-0.73248214,0.4499885764,-0.5209186695000001,0.0,0.0059018811544304,0.0066082809296821,0,931
262,-0.73248214,0.4495195840000001,-0.5210800990000001,0.0,0.006284734627589,0.0067208460292163,0,931
263,-0.73248214,0.4504575688,-0.5202729515000002,0.0,0.0054518035298202,0.0060943699118735,0,931
264,-0.7326390585999999,0.4501449072,-0.5205958105000001,0.001569186,0.0057600544307273,0.0063647978425461,0,931
265,-0.7326390585999999,0.4493632532000001,-0.5214029580000001,0.001569186,0.006399560454328,0.0069291142356467,0,931
266,-0.7326173389999998,0.4493640233999998,-0.5204926015,0.0015723094741699,0.0063996879211258,0.0062400712687891,0,931
267,-0.7323269999999998,0.4496814166999998,-0.5208502400000001,1.1158161231197418e-16,0.0061637637611695,0.006233182292158,0,931
268,-0.7326250960000001,0.4499890713999999,-0.5201489495000001,0.0015712294749827,0.0059021065126886,0.0059555018990315,0,931
269,-0.7327959772,0.4490505915999999,-0.5202729515000002,0.0022079277768454,0.006612051592535,0.0060943699118735,0,931
270,-0.73248214,0.4496759147999999,-0.5212415290000001,0.0,0.006163767703942,0.007202919025572,0,931
271,-0.73248214,0.4499885763999999,-0.5205958105000001,0.0,0.0059018811544304,0.0063647978425461,0,931
272,-0.73248214,0.4506138996000001,-0.5209186695000001,0.0,0.0052839445991284,0.0066082809296821,0,931
273,-0.73248214,0.4504575688,-0.5197886630000002,0.0,0.0054518035298202,0.0056296130891488,0,931
274,-0.7323642335999998,0.4504617498999998,-0.5222033035000001,6.659147073605554e-05,0.0054517439507265,0.0072190651190506,0,931
275,-0.7324092242,0.4501474929,-0.5235355705000001,7.782032739537514e-05,0.0057601318851982,0.007799852291123,0,931
276,-0.7325925165999999,0.4484269191999998,-0.5212048555,0.0015755012781406,0.0069754300304465,0.006687172142062,0,931
277,-0.7323378597999999,0.4495247007999998,-0.5211439890000001,3.978292253232804e-05,0.0062848140829367,0.0064738661852032,0,931
278,-0.7326390585999999,0.4504575688,-0.521725817,0.001569186,0.0054518035298202,0.0071165226865543,0,931
279,-0.7323502709999997,0.4485862763999998,-0.5214335795000001,5.567513543820748e-05,0.0068917587098904,0.0066952282387529,0,931
280,-0.7324231868000001,0.4493653441999999,-0.5225295630000001,7.568221478065349e-05,0.0063992849215101,0.0074248972500104,0,931
281,-0.73248214,0.4492069223999999,-0.5218872465000001,0.0,0.0065085702205868,0.0072029204178108,0,931
282,-0.73248214,0.4485815992,-0.5204343810000001,0.0,0.0068917495551135,0.006233162986012,0,931
283,-0.73248214,0.4482689376,-0.519788663,0.0,0.0070545971229697,0.0056296130891488,0,931
284,-0.73248214,0.450301238,-0.521402958,0.0,0.0056102478169139,0.0069291142356467,0,931
285,-0.73248214,0.4487379299999999,-0.5197886630000002,0.0,0.0068034248044197,0.0056296130891488,0,931
286,-0.7324092241999999,0.4493658397999998,-0.5212755535000001,7.782032739537514e-05,0.0063987259548532,0.0067206624110271,0,931
287,-0.7323642335999999,0.4504617497999998,-0.5218804435000002,6.659147073605554e-05,0.005451903505103,0.0070372442966325,0,931
288,-0.73248214,0.4485815992,-0.5202729515000002,0.0,0.0068917495551135,0.0060943699118735,0,931
289,-0.7326390585999999,0.4490505915999999,-0.519788663,0.001569186,0.006612051592535,0.0056296130891488,0,931
290,-0.7323611307999996,0.4496802062999998,-0.5220501900000001,6.458993263145747e-05,0.0061637396539329,0.007115977816644,0,931
291,-0.7324138784,0.4499909971999999,-0.5212630775000001,7.739743026457464e-05,0.0059018034938346,0.0067171950228663,0,931
292,-0.7325878624,0.4488960769999998,-0.520733043,0.0015760550595424,0.0067097306065483,0.0063436169536708,0,931
293,-0.732342514,0.4485865512999999,-0.5206472225000002,4.67764699978104e-05,0.0068920486377922,0.0060588523807179,0,931
294,-0.7326390585999999,0.4509265612,-0.5207572400000001,0.001569186,0.0049160727251977,0.0064897100799354,0,931
295,-0.73248214,0.4506138996000001,-0.5204343810000001,0.0,0.0052839445991284,0.006233162986012,0,931
296,-0.73248214,0.4484252684000001,-0.5217258170000001,0.0,0.0069754184411938,0.0071165226865543,0,931
297,-0.73248214,0.4488942608,-0.519788663,0.0,0.0067102603412018,0.0056296130891488,0,931
298,-0.73248214,0.4495195839999999,-0.5214029580000001,0.0,0.006284734627589,0.0069291142356467,0,931
299,-0.73248214,0.450301238,-0.5196272335000001,0.0,0.0056102478169139,0.0054562794706161,0,931
